-500 -500 500 500
11 2 7054 133.0 -370.0 119.0 -401.0 134.0 -401.0
11 4 2525 -89.5 -1.0 -140.0 27.5 -89.5 56.0 -39.0 27.5
11 3 56199 10.0 83.0 60.0
11 2 1760 492.0 149.0 488.0 79.0 495.0 79.0
11 2 46311 -308.0 359.0 -403.0 301.0 -304.0 301.0
11 3 26336 23.0 -349.0 -306.0
11 4 77943 -257.0 -283.0 -285.0 -281.5 -257.0 -280.0 -229.0 -281.5
11 1 29563 -487.0 -395.0 -458.0 -301.0
11 3 1019 15.0 460.0 -57.0
11 3 40431 53.0 376.0 11.0
11 2 84672 366.0 -220.0 312.0 -222.0 410.0 -222.0
11 4 33671 -240.5 184.0 -255.0 196.5 -240.5 209.0 -226.0 196.5
11 4 58875 -305.5 225.0 -346.0 249.5 -305.5 274.0 -265.0 249.5
11 3 68146 13.0 -431.0 252.0
11 4 62486 -20.0 363.0 -41.0 406.5 -20.0 450.0 1.0 406.5
11 3 46189 53.0 -385.0 -298.0
11 3 11351 45.0 270.0 471.0
11 4 2450 -106.0 -482.0 -114.0 -439.0 -106.0 -396.0 -98.0 -439.0
11 2 33492 253.0 -240.0 221.0 -327.0 312.0 -327.0
11 4 55485 408.5 227.0 360.0 276.5 408.5 326.0 457.0 276.5
11 3 96728 52.0 -402.0 -416.0
11 1 30715 -203.0 234.0 -145.0 292.0
11 3 67123 27.0 243.0 -18.0
11 1 93204 130.0 -322.0 172.0 -241.0
11 2 41723 171.0 -105.0 124.0 -142.0 182.0 -142.0
11 2 50052 259.0 -101.0 249.0 -181.0 298.0 -181.0
11 1 16586 -220.0 -471.0 -147.0 -378.0
11 4 21960 -301.0 226.0 -316.0 249.5 -301.0 273.0 -286.0 249.5
11 4 15782 -67.5 -265.0 -76.0 -224.0 -67.5 -183.0 -59.0 -224.0
11 3 16508 4.0 -401.0 -415.0
11 1 2278 163.0 -315.0 229.0 -232.0
11 1 4313 5.0 -107.0 38.0 -16.0
11 4 56952 -142.5 344.0 -184.0 384.5 -142.5 425.0 -101.0 384.5
11 1 7307 243.0 284.0 298.0 303.0
11 3 32145 82.0 348.0 373.0
11 1 88769 -259.0 -151.0 -238.0 -67.0
11 3 61051 40.0 250.0 -139.0
11 1 78431 376.0 -109.0 394.0 -55.0
11 4 76706 18.0 439.0 3.0 461.5 18.0 484.0 33.0 461.5
11 2 57085 -405.0 -392.0 -437.0 -470.0 -381.0 -470.0
11 2 13112 -69.0 -194.0 -92.0 -198.0 -46.0 -198.0
11 2 31259 473.0 -76.0 471.0 -127.0 496.0 -127.0
11 1 81374 38.0 30.0 81.0 46.0
11 1 3687 308.0 -323.0 338.0 -228.0
11 4 23278 -138.5 141.0 -150.0 174.5 -138.5 208.0 -127.0 174.5
11 4 35578 346.0 -147.0 318.0 -103.0 346.0 -59.0 374.0 -103.0
11 4 18553 -167.0 -119.0 -203.0 -95.5 -167.0 -72.0 -131.0 -95.5
11 4 27476 418.0 -394.0 386.0 -392.0 418.0 -390.0 450.0 -392.0
11 4 46134 -229.0 -72.0 -265.0 -28.5 -229.0 15.0 -193.0 -28.5
11 1 15 440.0 -218.0 492.0 -214.0
11 2 89659 344.0 406.0 326.0 382.0 362.0 382.0
11 4 34514 227.0 157.0 205.0 165.5 227.0 174.0 249.0 165.5
11 3 16450 43.0 481.0 -59.0
11 3 22840 54.0 -104.0 201.0
11 1 25961 308.0 -446.0 321.0 -418.0
11 2 67797 -84.0 -351.0 -85.0 -357.0 -60.0 -357.0
11 2 76158 234.0 31.0 222.0 -52.0 244.0 -52.0
11 4 38935 366.5 -173.0 365.0 -147.5 366.5 -122.0 368.0 -147.5
11 3 41793 99.0 -101.0 -294.0
11 3 58170 18.0 63.0 -221.0
11 2 2076 -269.0 -283.0 -275.0 -308.0 -193.0 -308.0
11 4 9631 -194.5 -80.0 -226.0 -35.5 -194.5 9.0 -163.0 -35.5
11 1 63422 486.0 53.0 488.0 63.0
11 3 92592 68.0 244.0 369.0
11 2 57858 -200.0 191.0 -242.0 108.0 -159.0 108.0
11 2 7411 -477.0 472.0 -480.0 460.0 -472.0 460.0
11 3 62959 44.0 -26.0 480.0
11 1 32054 149.0 -349.0 174.0 -263.0
11 2 77995 359.0 -411.0 334.0 -460.0 368.0 -460.0
11 3 25280 19.0 -144.0 368.0
11 1 13233 -427.0 25.0 -403.0 65.0
11 3 15446 84.0 -47.0 74.0
11 4 42931 404.5 -152.0 379.0 -142.0 404.5 -132.0 430.0 -142.0
11 1 43527 149.0 431.0 248.0 488.0
11 3 78365 97.0 164.0 352.0
11 2 66738 -453.0 -223.0 -472.0 -290.0 -384.0 -290.0
11 1 62572 454.0 -390.0 463.0 -291.0
11 3 7215 53.0 -376.0 467.0
11 4 63618 462.0 128.0 456.0 173.5 462.0 219.0 468.0 173.5
11 3 37149 75.0 -412.0 315.0
11 3 27609 13.0 252.0 -153.0
11 4 31424 -361.5 -14.0 -376.0 22.5 -361.5 59.0 -347.0 22.5
11 1 53694 490.0 -276.0 499.0 -214.0
11 1 84465 -465.0 -197.0 -436.0 -195.0
11 2 16870 450.0 93.0 447.0 66.0 463.0 66.0
11 1 52750 249.0 365.0 279.0 438.0
11 1 22963 128.0 25.0 225.0 68.0
11 1 5166 361.0 218.0 399.0 303.0
11 4 78143 -98.0 456.0 -100.0 474.0 -98.0 492.0 -96.0 474.0
11 4 5888 -62.0 312.0 -109.0 362.5 -62.0 413.0 -15.0 362.5
11 1 70587 355.0 341.0 403.0 368.0
11 3 7140 94.0 51.0 477.0
11 1 88699 -14.0 109.0 37.0 167.0
11 3 20035 83.0 167.0 365.0
11 2 20703 211.0 -218.0 160.0 -225.0 224.0 -225.0
11 4 68147 -246.0 109.0 -279.0 143.0 -246.0 177.0 -213.0 143.0
11 3 16974 80.0 -190.0 456.0
11 1 36641 -314.0 -368.0 -280.0 -315.0
11 4 42418 -465.0 -329.0 -470.0 -295.5 -465.0 -262.0 -460.0 -295.5
11 2 69088 -456.0 232.0 -463.0 154.0 -439.0 154.0
33 481 -392
11 2 50971 356.0 135.0 352.0 93.0 392.0 93.0
33 162 -317
33 429 359
33 -196 391
33 -139 -346
22 46134
33 -40 -54
22 13233
33 -201 226
33 444 -206
33 -350 148
33 -148 -217
44 1 373.0 -62.0 411.0 -47.0
33 374 156
33 368 169
33 304 -2
44 2 -24.0 48.0 -64.0 14.0 -2.0 14.0
22 22840
33 -58 219
44 2 384.0 -290.0 375.0 -370.0 400.0 -370.0
11 4 58708 97.5 124.0 85.0 142.0 97.5 160.0 110.0 142.0
33 -241 279
33 -54 -156
33 96 -416
33 -392 458
33 114 -116
33 142 -71
33 -374 35
11 4 54204 281.5 87.0 244.0 126.0 281.5 165.0 319.0 126.0
44 3 52.0 -175.0 -34.0
33 411 -352
44 1 148.0 -416.0 183.0 -358.0
33 -387 -104
33 -151 -93
11 3 76141 52.0 -118.0 -233.0
33 310 492
22 68146
44 3 92.0 452.0 -357.0
33 327 415
44 4 240.0 -281.0 236.0 -249.5 240.0 -218.0 244.0 -249.5
33 24 359
33 -168 79
33 152 -213
33 -149 347
33 379 -115
33 -388 -267
11 2 75880 -163.0 -55.0 -241.0 -117.0 -144.0 -117.0
33 232 -100
33 -365 -372
44 2 464.0 190.0 455.0 92.0 499.0 92.0
11 3 23436 34.0 -144.0 -58.0
33 -445 55
44 1 448.0 185.0 490.0 271.0
33 221 -193
44 3 7.0 -104.0 -433.0
44 4 -157.5 72.0 -202.0 87.5 -157.5 103.0 -113.0 87.5
22 23436
33 484 -318
33 -97 -368
22 42931
33 -177 398
44 1 -96.0 490.0 -56.0 494.0
33 -98 -152
33 -235 -318
44 3 81.0 441.0 -401.0
33 147 394
33 -314 157
33 -316 -122
33 485 -169
44 2 95.0 -167.0 75.0 -183.0 149.0 -183.0
33 154 284
33 35 198
33 -375 311
33 -35 -273
33 -231 -108
33 -449 -348
11 1 17648 149.0 -225.0 188.0 -213.0
44 1 -338.0 -88.0 -291.0 -10.0
33 395 307
33 -321 432
44 3 63.0 403.0 77.0
44 1 -241.0 460.0 -236.0 463.0
33 471 -464
33 139 289
33 -335 -83
22 63618
33 178 403
22 15782
22 20703
33 417 205
44 3 74.0 315.0 -137.0
11 2 98887 -269.0 197.0 -299.0 144.0 -221.0 144.0
33 413 51
33 294 -347
44 1 -384.0 286.0 -368.0 340.0
33 329 294
33 -425 389
33 -2 -334
33 -302 -374
33 434 -321
22 5166
44 4 379.5 83.0 347.0 125.0 379.5 167.0 412.0 125.0
44 3 9.0 -361.0 -343.0
33 311 222
33 -298 423
33 291 -346
33 72 497
33 244 -385
33 29 259
22 88699
33 -172 252
22 53694
33 -63 -185
33 -261 -149
33 59 491
33 475 -79
22 41793
44 2 -425.0 -218.0 -446.0 -240.0 -414.0 -240.0
33 -97 -319
44 3 36.0 -124.0 -57.0
33 -412 41
33 204 194
11 1 48878 467.0 450.0 496.0 463.0
33 -410 -13
33 218 -217
33 386 -263
33 95 -219
11 2 55022 -39.0 34.0 -44.0 -27.0 -39.0 -27.0
33 411 463
44 4 107.5 482.0 102.0 484.0 107.5 486.0 113.0 484.0
33 -349 -208
44 2 -208.0 -83.0 -216.0 -159.0 -160.0 -159.0
33 -111 -104
11 2 660 173.0 51.0 162.0 17.0 223.0 17.0
33 -433 284
33 -82 -317
33 -283 -31
11 3 4591 46.0 -165.0 323.0
33 479 -114
44 2 434.0 177.0 395.0 110.0 472.0 110.0
33 -263 -303
11 4 74268 -100.5 -194.0 -111.0 -183.0 -100.5 -172.0 -90.0 -183.0
33 477 -416
44 3 95.0 -25.0 201.0
33 -436 -320
33 86 268
22 31424
22 4591
44 2 -227.0 348.0 -236.0 303.0 -221.0 303.0
33 -16 -471
33 234 -417
33 209 216
33 -469 -395
11 1 34050 7.0 -81.0 99.0 15.0
11 2 99256 116.0 450.0 79.0 368.0 138.0 368.0
33 240 137
44 1 -127.0 -379.0 -102.0 -324.0
33 96 -433
44 4 -12.5 -15.0 -35.0 32.0 -12.5 79.0 10.0 32.0
33 27 49
44 4 311.0 -36.0 291.0 9.0 311.0 54.0 331.0 9.0
11 2 29954 387.0 97.0 379.0 85.0 411.0 85.0
33 253 -421
33 82 359
44 3 51.0 443.0 -349.0
33 -440 73
33 170 55
44 2 -107.0 243.0 -118.0 227.0 -99.0 227.0
44 1 -348.0 -408.0 -329.0 -395.0
33 297 -51
11 4 70786 -208.5 274.0 -235.0 303.0 -208.5 332.0 -182.0 303.0
11 2 70364 -103.0 -369.0 -109.0 -370.0 -97.0 -370.0
33 233 -330
33 -123 49
33 -210 -282
33 -382 -422
22 68147
33 -161 -16
33 -488 336
33 -15 315
33 354 483
33 293 134
11 1 6905 397.0 -414.0 440.0 -388.0
22 7054
44 4 67.5 417.0 64.0 450.5 67.5 484.0 71.0 450.5
44 2 403.0 270.0 391.0 243.0 422.0 243.0
33 285 229
33 -421 -151
33 36 111
33 -154 142
44 2 -127.0 433.0 -134.0 364.0 -73.0 364.0
33 -328 -72
44 2 -378.0 444.0 -379.0 346.0 -356.0 346.0
33 -94 -52
33 -73 143
44 4 -164.0 112.0 -193.0 134.5 -164.0 157.0 -135.0 134.5
44 4 -254.0 -395.0 -282.0 -386.5 -254.0 -378.0 -226.0 -386.5
44 3 74.0 -49.0 -230.0
33 -267 43
33 -238 217
44 3 75.0 -97.0 209.0
33 6 153
33 -51 -15
33 327 -369
44 2 -286.0 -73.0 -353.0 -144.0 -278.0 -144.0
33 376 -358
44 1 274.0 267.0 282.0 320.0
33 426 112
33 447 -174
22 4313
33 -18 -492
33 -171 461
11 4 17140 493.5 -318.0 491.0 -304.0 493.5 -290.0 496.0 -304.0
33 -122 229
11 4 78949 480.5 -269.0 479.0 -263.5 480.5 -258.0 482.0 -263.5
22 46189
33 -1 -228
44 3 44.0 61.0 -22.0
33 -474 394
33 -413 216
33 -68 -10
33 -486 327
33 -88 420
33 -88 -134
11 3 1247 74.0 473.0 474.0
33 -365 364
33 232 -153
44 1 375.0 -445.0 435.0 -376.0
33 -190 -12
33 -111 406
44 3 18.0 319.0 -84.0
33 -327 -458
11 2 9523 -334.0 460.0 -370.0 372.0 -312.0 372.0
22 13112
33 -341 -160
11 4 15202 -92.0 -347.0 -95.0 -297.0 -92.0 -247.0 -89.0 -297.0
44 3 45.0 -271.0 -176.0
11 1 93416 48.0 44.0 128.0 48.0
11 3 59049 90.0 6.0 -104.0
44 1 -197.0 -178.0 -130.0 -168.0
22 93204
33 143 -496
33 95 -235
33 -389 488
22 1247
33 113 -491
33 -124 -150
44 2 397.0 -15.0 349.0 -79.0 407.0 -79.0
44 1 68.0 247.0 79.0 318.0
33 -264 139
44 2 -147.0 53.0 -171.0 -25.0 -85.0 -25.0
33 458 7
33 95 -152
33 53 454
44 3 29.0 -225.0 -113.0
33 48 18
11 4 94179 -300.0 -199.0 -320.0 -152.5 -300.0 -106.0 -280.0 -152.5
44 3 44.0 415.0 -201.0
11 1 52449 281.0 -482.0 307.0 -391.0
33 346 -118
11 4 34214 460.5 269.0 442.0 274.5 460.5 280.0 479.0 274.5
33 160 25
33 -485 428
33 -363 81
33 -209 500
11 1 16979 79.0 413.0 117.0 427.0
44 3 48.0 -3.0 -246.0
22 31259
33 199 401
33 461 -174
33 490 244
22 6905
44 3 55.0 154.0 -71.0
33 387 -473
33 122 -111
11 2 510 -125.0 55.0 -198.0 33.0 -108.0 33.0
33 -147 -137
33 -19 -45
44 3 95.0 -307.0 281.0
22 76158
22 16979
33 303 -205
33 -361 287
44 2 174.0 62.0 137.0 -3.0 187.0 -3.0
33 -220 341
33 -40 442
44 3 80.0 -328.0 -351.0
33 156 429
33 -6 492
33 482 430
11 2 36267 431.0 -199.0 380.0 -237.0 437.0 -237.0
33 250 -93
33 247 -54
11 4 49431 -235.5 7.0 -274.0 30.5 -235.5 54.0 -197.0 30.5
44 2 12.0 -309.0 -18.0 -352.0 26.0 -352.0
33 -482 -387
22 1760
22 93416
22 29954
11 2 32 -130.0 -49.0 -175.0 -112.0 -89.0 -112.0
33 111 -480
33 -255 -94
44 1 -247.0 -123.0 -245.0 -52.0
33 -360 61
33 -243 235
33 -432 235
33 462 -155
11 4 37529 74.0 301.0 33.0 315.0 74.0 329.0 115.0 315.0
33 306 -74
11 2 7134 -251.0 307.0 -322.0 211.0 -221.0 211.0
44 4 418.0 221.0 387.0 264.5 418.0 308.0 449.0 264.5
44 2 -238.0 320.0 -275.0 317.0 -211.0 317.0
33 367 -175
33 485 171
33 126 236
11 2 22029 26.0 497.0 17.0 422.0 38.0 422.0
33 93 -113
33 445 -51
33 77 -451
44 1 -302.0 -79.0 -252.0 -54.0
33 336 223
33 110 276
33 57 -352
22 34214
33 -279 359
33 445 -122
33 -226 -66
33 -353 -467
33 -335 464
44 1 130.0 176.0 166.0 236.0
33 394 -322
44 1 -489.0 76.0 -437.0 101.0
11 3 3072 46.0 254.0 -112.0
33 330 -284
22 7307
33 -345 -167
33 44 180
33 471 351
22 49431
44 4 -159.5 -136.0 -186.0 -90.5 -159.5 -45.0 -133.0 -90.5
44 1 -483.0 488.0 -415.0 499.0
22 29563
44 3 61.0 145.0 -437.0
33 -368 434
33 249 -379
33 -267 -299
33 -253 -145
44 1 41.0 437.0 94.0 452.0
33 -214 -45
33 -90 12
33 -151 223
33 438 -326
44 2 -16.0 -174.0 -35.0 -255.0 19.0 -255.0
33 308 -220
33 162 356
11 4 64473 158.0 74.0 120.0 87.0 158.0 100.0 196.0 87.0
33 -198 -4
33 433 147
22 18553
33 -53 376
33 165 393
33 483 112
44 2 -55.0 -289.0 -90.0 -385.0 -38.0 -385.0
33 -6 345
33 -167 334
33 134 212
33 -305 -97
33 327 355
44 3 7.0 360.0 472.0
33 -129 -303
11 2 66136 444.0 488.0 433.0 464.0 449.0 464.0
22 16586
33 -321 353
33 -326 -282
22 66738
22 2076
33 -247 62
33 351 55
33 -451 493
22 57858
33 417 296
44 1 378.0 -71.0 411.0 -18.0
33 162 130
33 119 -199
44 3 90.0 -29.0 270.0
33 -69 436
44 3 83.0 -99.0 122.0
22 58708
44 4 88.5 3.0 68.0 47.0 88.5 91.0 109.0 47.0
44 2 -291.0 -129.0 -308.0 -226.0 -274.0 -226.0
33 -119 320
33 -174 -420
33 104 -5
33 215 339
44 3 97.0 -143.0 342.0
33 -499 291
33 447 -301
33 -118 370
33 -318 0
44 1 444.0 417.0 477.0 493.0
33 -142 467
44 4 -388.5 270.0 -424.0 279.0 -388.5 288.0 -353.0 279.0
44 1 393.0 -468.0 466.0 -418.0
44 1 -319.0 -87.0 -260.0 -69.0
22 56952
33 -321 420
33 -210 -471
44 3 2.0 -350.0 -418.0
44 3 23.0 -223.0 289.0
33 -353 226
33 -196 -171
22 37149
33 -439 318
44 1 469.0 -151.0 482.0 -97.0
33 -486 -59
44 4 227.0 -311.0 192.0 -307.5 227.0 -304.0 262.0 -307.5
33 -456 -77
33 -206 -200
33 159 212
33 236 -375
22 84465
33 158 -34
33 -62 492
22 36641
33 -368 -212
44 4 -159.0 -397.0 -171.0 -360.0 -159.0 -323.0 -147.0 -360.0
44 4 264.0 -294.0 240.0 -268.0 264.0 -242.0 288.0 -268.0
33 104 3
33 -173 -288
33 281 434
33 -437 -235
33 313 -258
33 354 -68
33 -58 -103
33 -417 -274
33 -48 47
33 -29 133
44 4 490.5 168.0 484.0 196.0 490.5 224.0 497.0 196.0
33 13 293
33 -442 -400
11 1 37535 -393.0 -112.0 -318.0 -67.0
11 4 44509 -42.5 312.0 -51.0 358.5 -42.5 405.0 -34.0 358.5
33 -4 -301
33 -420 -430
33 -60 -36
44 4 234.0 -6.0 214.0 2.0 234.0 10.0 254.0 2.0
33 -355 306
11 3 63237 43.0 -431.0 415.0
33 -387 138
44 3 65.0 -85.0 130.0
44 3 42.0 56.0 -18.0
11 4 6310 11.5 -421.0 -12.0 -387.5 11.5 -354.0 35.0 -387.5
44 2 74.0 49.0 58.0 -44.0 107.0 -44.0
33 -407 -493
33 302 376
44 4 475.5 -162.0 462.0 -124.5 475.5 -87.0 489.0 -124.5
33 -73 166
33 403 -190
44 2 -439.0 87.0 -442.0 85.0 -417.0 85.0
33 -228 -175
33 395 325
11 2 86032 -393.0 -356.0 -445.0 -430.0 -377.0 -430.0
33 339 3
44 1 -172.0 405.0 -92.0 458.0
33 117 199
44 1 7.0 26.0 86.0 96.0
33 -182 135
33 271 -337
33 282 -266
33 -257 -51
33 -94 -141
44 1 -288.0 -99.0 -200.0 -94.0
44 2 211.0 -264.0 204.0 -293.0 272.0 -293.0
33 -20 -72
33 -223 240
11 4 98121 354.0 363.0 319.0 413.5 354.0 464.0 389.0 413.5
33 -382 -425
44 2 -132.0 184.0 -158.0 136.0 -76.0 136.0
44 2 349.0 -237.0 321.0 -309.0 355.0 -309.0
22 2450
33 174 292
22 58170
11 3 63093 79.0 63.0 454.0
33 -176 -39
33 314 -116
44 4 -390.5 -218.0 -413.0 -181.0 -390.5 -144.0 -368.0 -181.0
33 -193 407
33 -59 312
33 -232 -319
33 45 -450
33 -350 -315
33 262 149
33 -35 173
33 -346 397
33 -52 39
33 382 479
22 62572
44 2 241.0 138.0 198.0 72.0 266.0 72.0
33 114 473
33 42 180
33 177 -162
33 -5 59
44 2 244.0 -283.0 231.0 -363.0 290.0 -363.0
33 -232 -266
44 1 75.0 153.0 171.0 209.0
44 2 242.0 249.0 226.0 160.0 273.0 160.0
33 -347 395
44 2 472.0 -388.0 422.0 -464.0 473.0 -464.0
11 2 63357 -340.0 19.0 -364.0 -54.0 -314.0 -54.0
44 4 312.0 174.0 301.0 221.5 312.0 269.0 323.0 221.5
11 3 42323 40.0 -189.0 -432.0
33 -195 -276
22 15
33 359 298
44 4 -383.5 215.0 -395.0 218.0 -383.5 221.0 -372.0 218.0
44 1 333.0 454.0 354.0 480.0
33 156 325
33 -52 222
22 63422
22 55485
33 -120 13
33 -394 40
33 261 -423
33 172 -76
22 94179
33 -35 235
33 -411 49
33 -409 345
33 100 290
22 36267
33 282 93
33 -316 -327
33 -239 229
22 17140
11 3 81019 66.0 333.0 310.0
33 -126 -444
33 -401 312
44 2 128.0 30.0 106.0 -35.0 129.0 -35.0
33 342 102
11 1 10858 319.0 -198.0 416.0 -186.0
44 2 -406.0 -44.0 -442.0 -92.0 -389.0 -92.0
22 25280
11 4 26042 128.0 42.0 81.0 67.0 128.0 92.0 175.0 67.0
33 445 365
33 -124 -17
33 -264 337
11 4 66424 -265.5 393.0 -273.0 424.5 -265.5 456.0 -258.0 424.5
33 -231 479
33 225 300
33 294 371
33 88 -73
44 1 -8.0 241.0 82.0 242.0
44 4 226.5 225.0 216.0 260.5 226.5 296.0 237.0 260.5
44 1 -425.0 210.0 -418.0 276.0
44 3 10.0 493.0 239.0
44 1 382.0 -244.0 431.0 -177.0
33 -159 8
44 4 292.5 239.0 275.0 247.0 292.5 255.0 310.0 247.0
33 472 296
22 70587
22 74268
33 437 320
33 91 465
33 -391 -374
33 109 392
33 66 389
33 435 368
44 4 -393.0 378.0 -429.0 427.0 -393.0 476.0 -357.0 427.0
33 -280 -228
33 242 323
22 98121
33 -117 382
33 -187 -362
44 2 396.0 -100.0 373.0 -165.0 456.0 -165.0
44 1 363.0 -159.0 378.0 -89.0
33 87 396
44 2 177.0 -177.0 170.0 -244.0 189.0 -244.0
33 -307 -430
44 2 406.0 -317.0 371.0 -320.0 417.0 -320.0
44 2 120.0 -256.0 108.0 -311.0 126.0 -311.0
33 174 -184
33 -418 329
44 3 53.0 -269.0 -79.0
22 2525
11 3 45702 43.0 298.0 -87.0
33 -267 83
33 214 198
44 3 20.0 454.0 357.0
33 -137 -239
22 32145
33 -95 -167
33 -475 290
22 50971
33 332 368
33 298 200
33 459 -476
33 104 286
44 2 79.0 163.0 75.0 137.0 133.0 137.0
22 62959
33 417 499
33 -145 441
33 -390 314
33 -472 439
33 -155 137
22 62486
33 -235 -443
33 441 212
44 3 35.0 -121.0 -347.0
22 89659
11 3 73686 48.0 18.0 -133.0
22 25961
33 -184 -281
33 12 -492
33 297 342
33 -273 157
11 2 13048 392.0 297.0 372.0 239.0 430.0 239.0
33 322 23
11 3 94730 71.0 -206.0 -170.0
11 2 90918 14.0 69.0 -55.0 63.0 37.0 63.0
33 413 167
33 -353 -200
33 281 -222
33 394 -231
22 26336
33 445 -372
33 465 -272
33 -165 -480
44 4 222.0 328.0 197.0 341.5 222.0 355.0 247.0 341.5
11 2 67516 47.0 109.0 34.0 22.0 72.0 22.0
33 274 -395
33 -445 -438
33 474 -393
33 3 228
33 -431 483
33 -451 -263
33 -304 236
33 120 -66
33 26 -308
33 282 384
22 32054
44 1 137.0 -15.0 156.0 33.0
33 225 327
11 3 62300 77.0 118.0 -20.0
33 3 386
11 1 80903 -47.0 -44.0 -40.0 50.0
22 52449
22 90918
33 -289 -456
33 413 419
33 300 359
44 3 54.0 -302.0 288.0
33 272 1
33 123 168
33 -165 -119
33 189 -439
33 70 -414
44 3 11.0 -175.0 76.0
33 -483 4
11 3 36714 66.0 26.0 -425.0
33 -463 218
33 412 312
33 130 -235
33 34 -477
33 -498 -350
33 277 -161
33 333 -467
33 209 -441
44 3 11.0 -381.0 31.0
33 340 -458
44 4 460.0 -57.0 432.0 -25.5 460.0 6.0 488.0 -25.5
11 4 86893 132.0 460.0 99.0 467.0 132.0 474.0 165.0 467.0
33 385 -27
33 -410 -300
44 3 51.0 125.0 6.0
33 154 315
33 484 306
44 2 -31.0 307.0 -44.0 252.0 20.0 252.0
33 -92 439
44 2 320.0 236.0 295.0 136.0 322.0 136.0
33 494 -493
22 11351
33 119 332
33 190 136
33 498 302
33 466 -143
33 206 -298
33 305 371
22 15202
44 1 -47.0 -294.0 -38.0 -244.0
33 433 -381
33 319 187
44 3 40.0 82.0 -395.0
44 1 -191.0 -459.0 -126.0 -431.0
44 3 4.0 -144.0 65.0
33 414 -141
33 78 195
33 312 289
33 478 278
33 498 39
33 -425 222
33 -261 -73
44 2 470.0 78.0 417.0 38.0 498.0 38.0
33 158 -171
33 -305 -358
33 232 -306
33 -3 -454
33 -321 129
22 37535
22 22963
33 -164 -30
33 -406 48
33 225 -306
33 240 330
33 274 129
11 2 44743 129.0 227.0 52.0 172.0 129.0 172.0
44 4 240.5 -127.0 193.0 -106.0 240.5 -85.0 288.0 -106.0
33 -498 -237
33 -337 -2
33 -152 254
33 -474 -210
33 374 390
33 -96 -45
11 3 66133 62.0 -313.0 215.0
33 309 20
33 -384 39
22 48878
22 67516
33 89 270
33 160 226
22 40431
44 4 496.0 38.0 493.0 86.5 496.0 135.0 499.0 86.5
33 -487 172
33 415 420
33 421 114
11 1 50230 -118.0 424.0 -52.0 480.0
11 1 74900 127.0 -26.0 135.0 69.0
44 1 27.0 166.0 60.0 222.0
11 2 7135 -43.0 9.0 -49.0 -54.0 -25.0 -54.0
33 3 439
33 188 71
11 3 43796 49.0 -51.0 -397.0
44 2 118.0 383.0 83.0 332.0 176.0 332.0
33 -307 -456
22 3687
33 -1 65
33 -441 -217
33 -142 445
33 332 -401
33 -109 356
33 222 -233
33 104 438
33 347 56
33 148 441
11 3 54613 6.0 -449.0 -262.0
44 1 22.0 432.0 101.0 457.0
33 -327 166
33 46 -299
33 260 235
33 159 -136
33 -115 -21
11 2 60130 46.0 -181.0 32.0 -253.0 58.0 -253.0
33 -89 -223
33 -67 -373
33 -445 -358
33 -208 121
44 2 456.0 103.0 450.0 34.0 482.0 34.0
22 1019
33 -17 252
33 163 16
33 -175 494
33 -447 -347
33 42 77
33 -434 -260
11 1 49735 -192.0 208.0 -165.0 244.0
22 36714
33 -54 347
33 420 -161
44 2 -412.0 -70.0 -455.0 -152.0 -362.0 -152.0
33 238 -221
33 143 -299
33 112 -351
33 448 -166
33 -158 313
33 -311 204
44 4 -337.0 -381.0 -360.0 -374.5 -337.0 -368.0 -314.0 -374.5
33 -331 -270
33 73 68
22 92592
44 3 97.0 -214.0 -97.0
33 -430 -42
33 -15 -59
44 2 485.0 467.0 451.0 455.0 497.0 455.0
44 3 89.0 303.0 -267.0
33 382 -124
33 -1 -159
22 67123
33 287 218
33 8 490
33 -378 288
44 2 -122.0 -217.0 -124.0 -273.0 -103.0 -273.0
33 54 -193
11 3 34404 55.0 -117.0 498.0
44 2 412.0 -16.0 400.0 -111.0 414.0 -111.0
22 21960
44 2 -274.0 36.0 -300.0 21.0 -250.0 21.0
33 135 -172
44 1 469.0 -402.0 478.0 -400.0
44 4 446.5 -454.0 418.0 -410.0 446.5 -366.0 475.0 -410.0
33 457 351
22 78365
44 2 -371.0 282.0 -437.0 246.0 -347.0 246.0
44 3 80.0 44.0 446.0
44 1 -317.0 195.0 -275.0 201.0
33 -140 289
33 -344 -245
33 396 -110
33 -16 -14
44 4 237.5 -357.0 220.0 -355.5 237.5 -354.0 255.0 -355.5
33 -485 -417
33 -101 -349
33 -297 -204
33 325 287
33 -332 52
44 2 -275.0 -122.0 -295.0 -184.0 -258.0 -184.0
11 2 59345 -196.0 310.0 -217.0 276.0 -191.0 276.0
44 4 367.0 133.0 350.0 166.0 367.0 199.0 384.0 166.0
33 -215 -418
11 1 91429 208.0 -437.0 297.0 -346.0
44 3 48.0 491.0 -76.0
33 201 215
22 27609
33 -300 234
11 4 39418 -456.5 113.0 -459.0 116.5 -456.5 120.0 -454.0 116.5
44 3 87.0 -310.0 139.0
44 2 -387.0 45.0 -444.0 42.0 -387.0 42.0
44 2 73.0 -402.0 52.0 -423.0 127.0 -423.0
22 70786
22 63237
33 -64 228
44 3 25.0 -338.0 431.0
44 4 264.5 203.0 225.0 213.0 264.5 223.0 304.0 213.0
33 -224 265
33 -305 -106
33 129 -27
44 2 -239.0 85.0 -247.0 29.0 -229.0 29.0
11 1 48127 183.0 -188.0 238.0 -121.0
33 -33 -446
22 44743
44 4 286.0 -299.0 237.0 -288.5 286.0 -278.0 335.0 -288.5
44 3 67.0 -124.0 -26.0
33 304 -468
44 2 216.0 453.0 209.0 359.0 225.0 359.0
33 22 -125
33 -306 -365
33 -125 -227
33 40 438
22 77995
33 -106 -301
44 1 -389.0 -101.0 -318.0 -31.0
44 1 -405.0 490.0 -349.0 494.0
33 -6 310
33 207 -201
33 -172 -80
44 1 -427.0 -261.0 -381.0 -227.0
22 16870
22 63357
33 65 -150
44 3 72.0 337.0 478.0
44 1 408.0 -349.0 412.0 -343.0
11 4 57042 130.0 147.0 111.0 192.0 130.0 237.0 149.0 192.0
33 213 -103
33 380 -440
44 4 370.5 -295.0 358.0 -290.5 370.5 -286.0 383.0 -290.5
33 157 -160
44 1 -478.0 -251.0 -427.0 -228.0
11 4 44813 -371.0 437.0 -408.0 467.5 -371.0 498.0 -334.0 467.5
33 352 282
22 76706
33 447 -335
33 227 -33
33 -137 -403
22 50052
11 1 22621 -251.0 -253.0 -198.0 -162.0
33 -170 365
44 4 -200.5 400.0 -240.0 417.0 -200.5 434.0 -161.0 417.0
44 4 480.5 -43.0 478.0 -40.0 480.5 -37.0 483.0 -40.0
33 40 30
33 -361 -116
33 431 162
33 439 328
44 2 -58.0 71.0 -94.0 -28.0 -37.0 -28.0
33 51 285
33 203 -90
33 423 -349
33 167 -64
44 1 -270.0 492.0 -268.0 493.0
44 3 60.0 376.0 197.0
33 271 314
33 -123 -141
44 1 -462.0 106.0 -437.0 194.0
33 -283 342
33 -409 380
22 78143
33 -138 270
33 -455 295
33 78 -24
22 26042
33 -29 60
33 -85 264
44 3 57.0 -141.0 -408.0
22 69088
11 3 63622 94.0 241.0 258.0
22 46311
33 114 -77
22 37529
11 1 81020 -112.0 -338.0 -102.0 -272.0
44 4 8.0 262.0 -4.0 274.0 8.0 286.0 20.0 274.0
33 201 -369
44 4 96.0 -200.0 83.0 -179.0 96.0 -158.0 109.0 -179.0
33 -412 485
11 1 81527 52.0 221.0 79.0 302.0
33 -171 -447
44 3 75.0 177.0 322.0
33 233 -401
33 453 59
33 386 45
33 -215 8
33 -364 -282
44 4 -321.5 -90.0 -332.0 -49.0 -321.5 -8.0 -311.0 -49.0
33 -209 277
33 489 -406
33 -92 296
22 42418
33 283 161
33 -240 372
44 3 68.0 -270.0 -286.0
44 3 99.0 -131.0 301.0
44 2 -331.0 -139.0 -347.0 -181.0 -328.0 -181.0
22 42323
33 -317 269
44 4 50.0 -150.0 43.0 -125.0 50.0 -100.0 57.0 -125.0
33 48 413
33 -107 237
33 -446 -201
33 414 442
33 113 -270
33 334 -14
44 2 455.0 -322.0 454.0 -421.0 496.0 -421.0
44 4 492.5 280.0 491.0 301.0 492.5 322.0 494.0 301.0
44 1 -355.0 -325.0 -345.0 -312.0
33 -28 90
33 -258 -16
33 213 -91
33 -81 -289
33 412 17
33 340 404
33 418 68
33 214 -195
33 -79 -37
33 -233 418
33 -60 308
33 247 -241
33 -90 -396
44 4 -9.5 -88.0 -30.0 -76.5 -9.5 -65.0 11.0 -76.5
44 2 -410.0 -350.0 -419.0 -373.0 -337.0 -373.0
33 479 -289
33 -208 -204
33 -301 -494
33 -337 -61
33 385 341
33 140 226
11 1 40564 -492.0 -232.0 -396.0 -190.0
44 1 -23.0 -375.0 -9.0 -362.0
33 -404 -423
11 1 65468 310.0 110.0 361.0 162.0
33 -245 -53
44 2 -171.0 496.0 -217.0 474.0 -171.0 474.0
33 -190 317
33 436 -113
33 32 -80
44 3 6.0 -415.0 265.0
33 495 -1
44 1 310.0 -275.0 349.0 -233.0
44 1 -433.0 -495.0 -430.0 -488.0
33 267 197
33 45 -1
33 -354 31
44 3 13.0 -459.0 124.0
33 418 -143
33 -281 290
33 -114 -247
33 180 -185
33 402 -354
33 404 -394
11 1 88973 -212.0 27.0 -136.0 78.0
44 4 119.0 -422.0 118.0 -378.0 119.0 -334.0 120.0 -378.0
44 4 -418.0 -417.0 -422.0 -382.5 -418.0 -348.0 -414.0 -382.5
33 237 -112
33 113 -279
