-50 -50 50 50
11 4 95378 -1.0 16.0 -32.0 19.5 -1.0 23.0 30.0 19.5
11 1 56140 43.0 39.0 50.0 44.0
11 4 35163 37.5 -39.0 33.0 -20.5 37.5 -2.0 42.0 -20.5
11 3 81133 73.0 50.0 29.0
11 1 85858 -3.0 -3.0 12.0 44.0
11 4 60262 26.5 -26.0 24.0 4.0 26.5 34.0 29.0 4.0
11 3 43208 22.0 32.0 36.0
11 4 47643 44.5 0.0 42.0 7.5 44.5 15.0 47.0 7.5
11 3 63451 42.0 39.0 15.0
11 1 51841 33.0 6.0 39.0 7.0
11 4 3685 29.0 24.0 15.0 33.5 29.0 43.0 43.0 33.5
11 4 34221 14.5 -37.0 7.0 -18.5 14.5 0.0 22.0 -18.5
11 4 59720 13.5 9.0 -4.0 18.0 13.5 27.0 31.0 18.0
11 2 73394 26.0 19.0 -28.0 6.0 42.0 6.0
11 1 19698 36.0 18.0 42.0 22.0
11 2 78064 29.0 -8.0 27.0 -48.0 33.0 -48.0
11 1 54738 -40.0 -40.0 -5.0 47.0
11 4 8261 44.0 -2.0 43.0 19.0 44.0 40.0 45.0 19.0
11 4 2246 31.5 -28.0 26.0 5.0 31.5 38.0 37.0 5.0
11 1 7607 30.0 -3.0 31.0 22.0
33 -3 30
11 2 94762 39.0 -4.0 28.0 -44.0 41.0 -44.0
22 3685
11 2 12189 22.0 18.0 19.0 0.0 23.0 0.0
33 -37 25
22 59720
44 2 16.0 17.0 15.0 9.0 17.0 9.0
11 4 83780 -37.5 -8.0 -48.0 -7.0 -37.5 -6.0 -27.0 -7.0
11 1 10560 2.0 8.0 37.0 36.0
33 -20 18
33 -49 3
33 -10 23
44 4 -15.5 -45.0 -35.0 -35.0 -15.5 -25.0 4.0 -35.0
33 48 -19
33 28 13
44 4 -6.0 -4.0 -25.0 22.5 -6.0 49.0 13.0 22.5
33 -5 41
33 6 3
44 3 31.0 -3.0 21.0
33 -16 -43
