-50 -50 50 50
11 1 32659 40.0 6.0 45.0 30.0
11 2 26733 36.0 40.0 12.0 -20.0 46.0 -20.0
11 1 29104 12.0 10.0 37.0 11.0
11 3 63978 2.0 18.0 14.0
11 2 62171 27.0 -16.0 -5.0 -19.0 33.0 -19.0
11 3 52653 18.0 42.0 29.0
11 3 83896 98.0 50.0 50.0
11 4 81364 38.0 -23.0 31.0 0.0 38.0 23.0 45.0 0.0
11 3 78929 49.0 -1.0 2.0
11 2 18963 -35.0 48.0 -37.0 44.0 -24.0 44.0
11 4 23837 39.0 22.0 33.0 29.5 39.0 37.0 45.0 29.5
11 1 57065 23.0 18.0 34.0 19.0
11 2 38763 15.0 35.0 5.0 19.0 34.0 19.0
11 2 68784 -11.0 46.0 -13.0 40.0 3.0 40.0
11 3 83771 95.0 46.0 47.0
11 2 74561 33.0 6.0 23.0 -39.0 34.0 -39.0
11 2 62965 -34.0 21.0 -40.0 -21.0 -27.0 -21.0
11 2 77978 38.0 41.0 30.0 35.0 49.0 35.0
11 2 61080 9.0 45.0 3.0 17.0 17.0 17.0
11 4 36939 -27.5 43.0 -42.0 44.0 -27.5 45.0 -13.0 44.0
11 4 50785 7.5 12.0 -1.0 22.0 7.5 32.0 16.0 22.0
11 1 40744 -19.0 23.0 44.0 47.0
11 4 16603 -12.0 -39.0 -22.0 -36.5 -12.0 -34.0 -2.0 -36.5
11 1 4557 -43.0 -49.0 9.0 3.0
11 1 76789 28.0 -34.0 35.0 9.0
11 2 67370 9.0 47.0 -9.0 40.0 24.0 40.0
11 4 38969 8.5 -46.0 -32.0 -8.0 8.5 30.0 49.0 -8.0
11 3 77324 75.0 39.0 30.0
11 4 27736 -12.0 27.0 -15.0 35.0 -12.0 43.0 -9.0 35.0
11 1 90687 15.0 -38.0 20.0 50.0
44 3 83.0 36.0 42.0
33 -34 42
11 2 83544 18.0 39.0 -5.0 35.0 39.0 35.0
44 2 -29.0 31.0 -35.0 -37.0 -25.0 -37.0
33 35 -19
22 76789
33 -7 -18
33 17 8
22 63978
11 1 26856 -17.0 -39.0 -4.0 26.0
33 -17 -25
33 16 -28
33 0 -13
33 -20 -24
33 -12 8
33 40 22
33 -36 -47
11 1 29547 15.0 -7.0 47.0 45.0
11 4 17699 9.5 -35.0 -25.0 7.0 9.5 49.0 44.0 7.0
33 -50 -24
33 -49 -45
33 45 -43
33 -24 32
33 49 -2
44 3 63.0 46.0 46.0
33 -6 -38
33 19 -38
22 4557
33 -26 43
33 13 -45
