-5000 -5000 5000 5000
11 1 47918 4255.0 3679.0 4330.0 3720.0
11 4 97621 2933.0 -3478.0 2902.0 -3456.0 2933.0 -3434.0 2964.0 -3456.0
11 4 79362 3476.0 -2997.0 3440.0 -2959.5 3476.0 -2922.0 3512.0 -2959.5
11 4 31423 -3296.0 -3475.0 -3312.0 -3428.0 -3296.0 -3381.0 -3280.0 -3428.0
11 1 26243 -2037.0 -1404.0 -1953.0 -1312.0
11 2 36476 1212.0 918.0 1195.0 865.0 1221.0 865.0
11 4 75453 -2239.5 -2926.0 -2243.0 -2877.5 -2239.5 -2829.0 -2236.0 -2877.5
11 1 29779 -3111.0 -3298.0 -3095.0 -3255.0
11 2 96619 -3432.0 -4663.0 -3436.0 -4665.0 -3411.0 -4665.0
11 2 37290 -306.0 -3768.0 -318.0 -3796.0 -263.0 -3796.0
11 3 30186 95.0 4024.0 972.0
11 3 69178 42.0 3077.0 -4933.0
11 1 3745 -3791.0 -3177.0 -3718.0 -3108.0
11 3 62450 77.0 -2148.0 -605.0
11 1 16765 -4420.0 45.0 -4327.0 142.0
11 4 98552 -699.5 1740.0 -703.0 1748.0 -699.5 1756.0 -696.0 1748.0
11 2 95254 -298.0 -283.0 -336.0 -341.0 -288.0 -341.0
11 2 4607 428.0 4643.0 421.0 4592.0 479.0 4592.0
11 1 64214 -4552.0 -1579.0 -4548.0 -1507.0
11 4 41112 4948.0 -4133.0 4926.0 -4091.0 4948.0 -4049.0 4970.0 -4091.0
11 4 89434 4656.0 -381.0 4652.0 -367.5 4656.0 -354.0 4660.0 -367.5
11 1 48770 1875.0 -3879.0 1903.0 -3840.0
11 2 13771 4512.0 -2906.0 4511.0 -2989.0 4552.0 -2989.0
11 4 18569 396.0 -3896.0 378.0 -3864.0 396.0 -3832.0 414.0 -3864.0
11 3 52345 81.0 4887.0 -1305.0
11 4 19028 1724.5 2484.0 1695.0 2491.5 1724.5 2499.0 1754.0 2491.5
11 3 19050 2.0 -1568.0 -4892.0
11 3 99325 91.0 -3826.0 -1642.0
11 1 59374 662.0 3095.0 743.0 3171.0
11 2 83054 -893.0 -2709.0 -894.0 -2793.0 -891.0 -2793.0
11 2 13664 -1359.0 3395.0 -1369.0 3306.0 -1358.0 3306.0
11 4 25378 3035.0 1042.0 3003.0 1073.0 3035.0 1104.0 3067.0 1073.0
11 2 10370 -874.0 -2350.0 -884.0 -2429.0 -848.0 -2429.0
11 2 17001 -1727.0 3610.0 -1733.0 3568.0 -1634.0 3568.0
11 4 69448 -1129.5 3569.0 -1143.0 3606.0 -1129.5 3643.0 -1116.0 3606.0
11 4 72466 4514.0 -2867.0 4492.0 -2843.5 4514.0 -2820.0 4536.0 -2843.5
11 1 16505 4487.0 -4477.0 4500.0 -4426.0
11 4 91922 3450.0 4701.0 3433.0 4738.5 3450.0 4776.0 3467.0 4738.5
11 2 96573 2969.0 -1473.0 2946.0 -1504.0 2977.0 -1504.0
11 2 16485 829.0 2366.0 818.0 2291.0 847.0 2291.0
11 3 39670 35.0 -3993.0 -3981.0
11 2 95741 -2823.0 4249.0 -2885.0 4151.0 -2810.0 4151.0
11 4 30386 46.0 -3436.0 4.0 -3425.5 46.0 -3415.0 88.0 -3425.5
11 3 29929 25.0 -739.0 1902.0
11 2 80566 -2368.0 -111.0 -2375.0 -131.0 -2294.0 -131.0
11 3 43225 66.0 1680.0 -3199.0
11 1 67889 -4463.0 3906.0 -4366.0 3999.0
11 3 94128 53.0 1510.0 -4896.0
11 2 49019 2789.0 1480.0 2779.0 1453.0 2797.0 1453.0
11 4 42585 -4306.0 2680.0 -4338.0 2713.0 -4306.0 2746.0 -4274.0 2713.0
11 2 60465 -1539.0 1171.0 -1574.0 1095.0 -1530.0 1095.0
11 3 18387 70.0 -543.0 2725.0
11 2 71498 -452.0 1689.0 -464.0 1615.0 -429.0 1615.0
11 1 34516 104.0 1707.0 118.0 1754.0
11 4 86581 -3910.0 -2616.0 -3923.0 -2587.5 -3910.0 -2559.0 -3897.0 -2587.5
11 2 63880 675.0 -4827.0 671.0 -4847.0 676.0 -4847.0
11 3 57972 63.0 2517.0 4943.0
11 2 35826 2567.0 -1800.0 2533.0 -1877.0 2567.0 -1877.0
11 3 90604 28.0 -989.0 -4260.0
11 2 39215 1050.0 2676.0 1016.0 2581.0 1092.0 2581.0
11 3 63845 41.0 -2693.0 3529.0
11 3 85483 6.0 -4251.0 416.0
11 1 5777 4020.0 4452.0 4095.0 4496.0
11 2 28171 -1872.0 3630.0 -1873.0 3559.0 -1778.0 3559.0
11 4 65305 1835.5 2569.0 1812.0 2590.5 1835.5 2612.0 1859.0 2590.5
11 3 31036 49.0 3733.0 -815.0
11 3 55645 41.0 1316.0 -598.0
11 3 15278 99.0 1975.0 -2832.0
11 3 36917 13.0 4023.0 -4061.0
11 4 45707 4086.0 -4609.0 4081.0 -4588.5 4086.0 -4568.0 4091.0 -4588.5
11 4 20484 2653.5 -1567.0 2650.0 -1521.0 2653.5 -1475.0 2657.0 -1521.0
11 2 86499 -2971.0 -2305.0 -2976.0 -2375.0 -2971.0 -2375.0
11 4 67553 2006.5 -31.0 1970.0 11.0 2006.5 53.0 2043.0 11.0
11 2 90227 -3574.0 -1444.0 -3601.0 -1541.0 -3530.0 -1541.0
11 2 51330 -3483.0 634.0 -3485.0 561.0 -3482.0 561.0
11 2 80755 2040.0 707.0 2024.0 640.0 2097.0 640.0
11 1 77183 2526.0 -1995.0 2576.0 -1902.0
11 4 40527 -268.0 582.0 -277.0 627.5 -268.0 673.0 -259.0 627.5
11 3 3454 1.0 -2360.0 2670.0
11 2 62483 527.0 -2398.0 484.0 -2400.0 558.0 -2400.0
11 4 97789 160.5 1925.0 148.0 1959.0 160.5 1993.0 173.0 1959.0
11 4 60832 -2420.0 -144.0 -2454.0 -105.0 -2420.0 -66.0 -2386.0 -105.0
11 2 69472 4636.0 -1856.0 4626.0 -1904.0 4644.0 -1904.0
11 2 66831 2576.0 1227.0 2547.0 1180.0 2637.0 1180.0
11 4 32541 2139.5 20.0 2101.0 62.5 2139.5 105.0 2178.0 62.5
11 3 36370 71.0 4743.0 4223.0
11 2 73624 -999.0 -2188.0 -1056.0 -2202.0 -955.0 -2202.0
11 2 23063 1411.0 3150.0 1342.0 3125.0 1442.0 3125.0
11 2 62912 -249.0 -986.0 -273.0 -1011.0 -189.0 -1011.0
11 2 34475 42.0 -4680.0 22.0 -4739.0 94.0 -4739.0
11 3 50283 82.0 -2719.0 -86.0
11 3 77807 61.0 -2934.0 1899.0
11 3 75325 44.0 -1615.0 1791.0
11 3 46866 42.0 4955.0 2652.0
11 3 42708 16.0 1990.0 -1880.0
11 4 80888 -3955.0 -3326.0 -4004.0 -3291.5 -3955.0 -3257.0 -3906.0 -3291.5
11 4 74591 -699.0 1180.0 -702.0 1215.0 -699.0 1250.0 -696.0 1215.0
11 1 50321 -2494.0 2223.0 -2396.0 2262.0
11 2 37757 936.0 3214.0 928.0 3180.0 957.0 3180.0
11 4 35730 915.5 768.0 878.0 774.5 915.5 781.0 953.0 774.5
11 1 90309 -3676.0 -348.0 -3605.0 -336.0
11 2 5351 672.0 2771.0 638.0 2706.0 721.0 2706.0
11 3 90091 39.0 3323.0 -4592.0
11 4 49991 -2143.0 -2341.0 -2182.0 -2293.0 -2143.0 -2245.0 -2104.0 -2293.0
11 1 86911 2345.0 3954.0 2445.0 3983.0
11 1 22364 1717.0 2196.0 1813.0 2218.0
11 1 39007 -437.0 -2687.0 -402.0 -2645.0
11 1 72138 -1944.0 -1297.0 -1918.0 -1284.0
11 3 90223 7.0 4782.0 -382.0
11 3 68605 73.0 -1436.0 -3480.0
11 4 11028 -4079.0 -2661.0 -4121.0 -2654.0 -4079.0 -2647.0 -4037.0 -2654.0
11 3 57714 52.0 -4245.0 -4153.0
11 1 45669 -957.0 4804.0 -908.0 4886.0
11 4 80793 3967.5 4533.0 3951.0 4544.0 3967.5 4555.0 3984.0 4544.0
11 2 89395 4050.0 -2533.0 4028.0 -2562.0 4085.0 -2562.0
11 4 64807 1964.5 -2535.0 1915.0 -2527.5 1964.5 -2520.0 2014.0 -2527.5
11 3 74518 90.0 4011.0 -2950.0
11 1 35611 -772.0 2827.0 -725.0 2875.0
11 2 36702 912.0 -1138.0 870.0 -1179.0 942.0 -1179.0
11 2 93668 2845.0 -1927.0 2802.0 -1988.0 2892.0 -1988.0
11 1 62594 -3141.0 3888.0 -3090.0 3923.0
11 3 29212 32.0 4466.0 -4654.0
11 2 86144 4083.0 2475.0 4072.0 2411.0 4143.0 2411.0
11 3 62564 58.0 -1036.0 4533.0
11 1 91000 2661.0 -4608.0 2746.0 -4607.0
11 4 32322 -4375.5 -3758.0 -4400.0 -3714.5 -4375.5 -3671.0 -4351.0 -3714.5
11 3 4670 62.0 -3877.0 4531.0
11 4 29101 -1595.0 1808.0 -1613.0 1848.5 -1595.0 1889.0 -1577.0 1848.5
11 1 6031 40.0 -900.0 100.0 -881.0
11 2 78164 -1810.0 -2537.0 -1811.0 -2579.0 -1779.0 -2579.0
11 4 94330 -3432.0 2260.0 -3450.0 2286.5 -3432.0 2313.0 -3414.0 2286.5
11 2 34452 -4507.0 2308.0 -4552.0 2223.0 -4468.0 2223.0
11 4 14233 -4320.5 1184.0 -4339.0 1210.0 -4320.5 1236.0 -4302.0 1210.0
11 3 90024 21.0 2817.0 -1302.0
11 1 93303 -2251.0 -2410.0 -2164.0 -2405.0
11 1 82889 214.0 657.0 235.0 732.0
11 1 76032 -1093.0 347.0 -1002.0 374.0
11 4 3608 3496.0 -612.0 3466.0 -611.0 3496.0 -610.0 3526.0 -611.0
11 3 67534 48.0 -1179.0 4606.0
11 2 46164 -1052.0 -4273.0 -1056.0 -4319.0 -1045.0 -4319.0
11 4 36496 -2522.5 1694.0 -2524.0 1727.0 -2522.5 1760.0 -2521.0 1727.0
11 4 57224 -1805.5 -4619.0 -1838.0 -4598.0 -1805.5 -4577.0 -1773.0 -4598.0
11 3 81527 84.0 -2271.0 -4562.0
11 2 42559 1774.0 -2455.0 1766.0 -2474.0 1789.0 -2474.0
11 3 25854 56.0 2108.0 4859.0
11 2 38853 3410.0 3803.0 3381.0 3705.0 3437.0 3705.0
11 4 12159 -1885.5 276.0 -1922.0 324.5 -1885.5 373.0 -1849.0 324.5
11 3 6934 66.0 2775.0 -2865.0
11 3 61556 38.0 4705.0 483.0
11 3 6818 98.0 -1571.0 -4854.0
11 3 34034 76.0 -1385.0 -695.0
11 2 20536 2445.0 4104.0 2395.0 4081.0 2479.0 4081.0
11 3 19253 100.0 -2326.0 4215.0
11 2 32867 -4240.0 1484.0 -4246.0 1414.0 -4229.0 1414.0
11 2 74174 -1894.0 -1465.0 -1964.0 -1556.0 -1874.0 -1556.0
11 4 54054 4500.0 1362.0 4478.0 1407.5 4500.0 1453.0 4522.0 1407.5
11 1 13569 -2585.0 -2900.0 -2564.0 -2897.0
11 4 16642 -3866.0 -3745.0 -3897.0 -3742.5 -3866.0 -3740.0 -3835.0 -3742.5
11 1 98392 803.0 3338.0 843.0 3417.0
11 2 35453 225.0 2273.0 221.0 2243.0 251.0 2243.0
11 4 71929 1044.5 -1101.0 1001.0 -1072.0 1044.5 -1043.0 1088.0 -1072.0
11 3 27416 75.0 1185.0 4747.0
11 4 4961 4902.0 3042.0 4860.0 3090.0 4902.0 3138.0 4944.0 3090.0
11 2 51827 3526.0 -720.0 3485.0 -739.0 3528.0 -739.0
11 2 26820 2215.0 -830.0 2189.0 -853.0 2230.0 -853.0
11 2 77408 -2585.0 -3821.0 -2611.0 -3850.0 -2534.0 -3850.0
11 2 74723 654.0 -3939.0 650.0 -4003.0 655.0 -4003.0
11 1 89969 3929.0 -4681.0 3980.0 -4603.0
11 3 43177 98.0 2245.0 -2836.0
11 3 40485 24.0 3918.0 -2999.0
11 3 29636 28.0 3711.0 -668.0
11 1 12982 -4037.0 556.0 -4000.0 583.0
11 2 65475 1799.0 -452.0 1787.0 -494.0 1857.0 -494.0
11 1 31563 1463.0 2564.0 1524.0 2650.0
11 3 614 7.0 -4600.0 -4339.0
11 3 65608 8.0 -1296.0 -515.0
11 3 64551 69.0 1687.0 -1842.0
11 3 22179 31.0 -1450.0 -4952.0
11 4 28175 -532.5 -157.0 -548.0 -124.0 -532.5 -91.0 -517.0 -124.0
11 4 13461 -2862.5 166.0 -2904.0 213.5 -2862.5 261.0 -2821.0 213.5
11 2 41857 -970.0 -2240.0 -999.0 -2260.0 -927.0 -2260.0
11 1 73251 -805.0 4182.0 -801.0 4184.0
11 3 74331 81.0 -3560.0 -3016.0
11 1 49261 -4282.0 1133.0 -4219.0 1185.0
11 4 63331 -144.0 -4418.0 -187.0 -4370.0 -144.0 -4322.0 -101.0 -4370.0
11 2 81552 -168.0 -4350.0 -204.0 -4420.0 -105.0 -4420.0
11 3 54739 32.0 4367.0 2410.0
11 3 51530 84.0 -31.0 1593.0
11 2 99667 -1295.0 -2827.0 -1306.0 -2876.0 -1254.0 -2876.0
11 4 20283 3663.0 -306.0 3649.0 -279.0 3663.0 -252.0 3677.0 -279.0
11 3 40758 85.0 -3380.0 -3997.0
11 4 10868 -3786.0 3700.0 -3828.0 3733.0 -3786.0 3766.0 -3744.0 3733.0
11 3 94879 53.0 -3773.0 -1135.0
11 3 89153 3.0 3994.0 -3271.0
11 3 75220 62.0 -1302.0 -3656.0
11 4 11134 4314.5 -1091.0 4296.0 -1047.5 4314.5 -1004.0 4333.0 -1047.5
11 1 43994 3816.0 2776.0 3891.0 2876.0
11 2 1827 1411.0 -1778.0 1399.0 -1857.0 1411.0 -1857.0
11 2 79565 1980.0 1342.0 1936.0 1291.0 1991.0 1291.0
11 3 40169 59.0 3524.0 251.0
11 2 48849 2962.0 -932.0 2961.0 -994.0 2970.0 -994.0
11 1 30596 1630.0 -739.0 1707.0 -731.0
11 4 63057 811.0 -1017.0 779.0 -1010.0 811.0 -1003.0 843.0 -1010.0
11 3 62922 29.0 -657.0 1143.0
11 3 74958 65.0 -396.0 4183.0
11 3 3614 39.0 4954.0 -3738.0
11 4 13738 3738.0 -3367.0 3694.0 -3365.5 3738.0 -3364.0 3782.0 -3365.5
11 4 28946 700.5 3794.0 692.0 3810.0 700.5 3826.0 709.0 3810.0
11 2 654 1038.0 3478.0 1031.0 3420.0 1097.0 3420.0
11 4 82822 4757.5 -3870.0 4748.0 -3831.0 4757.5 -3792.0 4767.0 -3831.0
11 1 90660 -3543.0 4748.0 -3526.0 4811.0
11 2 70742 -4503.0 3921.0 -4547.0 3920.0 -4448.0 3920.0
11 3 87088 93.0 312.0 4550.0
11 4 1547 4901.5 -3637.0 4865.0 -3622.5 4901.5 -3608.0 4938.0 -3622.5
11 2 35347 2547.0 3384.0 2531.0 3350.0 2562.0 3350.0
11 4 324 2324.5 1788.0 2320.0 1797.5 2324.5 1807.0 2329.0 1797.5
11 2 94692 -4397.0 -4085.0 -4401.0 -4161.0 -4368.0 -4161.0
11 4 57963 4934.0 3746.0 4916.0 3787.0 4934.0 3828.0 4952.0 3787.0
11 4 77151 99.5 4595.0 75.0 4627.5 99.5 4660.0 124.0 4627.5
11 1 71989 4812.0 -1961.0 4852.0 -1861.0
11 1 64399 -1768.0 -1696.0 -1732.0 -1661.0
11 2 70199 -1616.0 -4286.0 -1652.0 -4357.0 -1566.0 -4357.0
11 1 86279 -2962.0 -4070.0 -2925.0 -4062.0
11 1 71376 -4029.0 -147.0 -3970.0 -58.0
11 3 22539 85.0 2422.0 -1791.0
11 3 80197 74.0 -3318.0 4773.0
11 1 37192 -1996.0 4317.0 -1959.0 4408.0
11 4 37531 -4444.5 -2402.0 -4461.0 -2355.0 -4444.5 -2308.0 -4428.0 -2355.0
11 1 86834 -4736.0 -3715.0 -4693.0 -3710.0
11 1 44988 209.0 3181.0 271.0 3270.0
11 3 56561 49.0 -1906.0 2851.0
11 1 88245 -2400.0 -3225.0 -2357.0 -3164.0
11 2 61981 832.0 1593.0 813.0 1501.0 907.0 1501.0
11 4 38139 2595.5 -4150.0 2584.0 -4120.5 2595.5 -4091.0 2607.0 -4120.5
11 4 92530 3426.5 -753.0 3395.0 -734.0 3426.5 -715.0 3458.0 -734.0
11 1 46368 4493.0 -1213.0 4494.0 -1198.0
11 4 40892 2729.5 -1995.0 2714.0 -1991.5 2729.5 -1988.0 2745.0 -1991.5
11 3 52503 78.0 759.0 -2746.0
11 1 81183 564.0 -3984.0 614.0 -3917.0
11 4 90923 -3664.0 -1828.0 -3682.0 -1814.0 -3664.0 -1800.0 -3646.0 -1814.0
11 1 61918 2298.0 3417.0 2334.0 3488.0
11 1 30854 -202.0 -1773.0 -178.0 -1694.0
11 1 37988 4956.0 -1818.0 4972.0 -1792.0
11 3 11559 11.0 16.0 1956.0
11 3 58759 81.0 -2564.0 -1277.0
11 2 24653 -4057.0 -2788.0 -4059.0 -2883.0 -4052.0 -2883.0
11 3 17428 5.0 2036.0 -2703.0
11 3 66967 53.0 -3830.0 -1326.0
11 4 17618 -1404.5 -2413.0 -1419.0 -2399.5 -1404.5 -2386.0 -1390.0 -2399.5
11 4 56709 3391.5 4445.0 3366.0 4478.0 3391.5 4511.0 3417.0 4478.0
11 3 91718 82.0 -3619.0 2989.0
11 2 27083 4073.0 255.0 4063.0 159.0 4141.0 159.0
11 4 82070 -3423.5 -1673.0 -3474.0 -1667.5 -3423.5 -1662.0 -3373.0 -1667.5
11 2 71535 -3464.0 -868.0 -3534.0 -951.0 -3463.0 -951.0
11 2 32524 2749.0 993.0 2712.0 904.0 2793.0 904.0
11 3 81054 9.0 724.0 -1170.0
11 3 16778 65.0 -327.0 2852.0
11 3 40070 69.0 3830.0 3562.0
11 2 3524 122.0 520.0 120.0 506.0 122.0 506.0
11 2 13322 -3542.0 -809.0 -3546.0 -889.0 -3530.0 -889.0
11 2 403 -2111.0 2841.0 -2170.0 2825.0 -2104.0 2825.0
11 2 69571 -4500.0 2144.0 -4516.0 2098.0 -4470.0 2098.0
11 2 54165 -1136.0 2432.0 -1150.0 2421.0 -1136.0 2421.0
11 1 50046 -52.0 -3112.0 37.0 -3100.0
11 4 73859 -2760.5 -3841.0 -2771.0 -3828.0 -2760.5 -3815.0 -2750.0 -3828.0
11 2 70023 3800.0 -4245.0 3770.0 -4309.0 3806.0 -4309.0
11 3 78815 80.0 4140.0 -990.0
11 4 63157 -3723.5 -3293.0 -3733.0 -3270.0 -3723.5 -3247.0 -3714.0 -3270.0
11 1 30048 2287.0 -4374.0 2350.0 -4334.0
11 4 10393 4752.5 41.0 4717.0 68.0 4752.5 95.0 4788.0 68.0
11 3 91759 46.0 329.0 1687.0
11 4 15255 2933.5 -4927.0 2929.0 -4887.5 2933.5 -4848.0 2938.0 -4887.5
11 2 95325 -1588.0 4604.0 -1641.0 4600.0 -1581.0 4600.0
11 4 35313 -2307.0 -2993.0 -2355.0 -2952.5 -2307.0 -2912.0 -2259.0 -2952.5
11 4 34598 -389.5 -167.0 -399.0 -153.0 -389.5 -139.0 -380.0 -153.0
11 2 3810 1699.0 -785.0 1625.0 -841.0 1721.0 -841.0
11 2 22072 -647.0 1442.0 -656.0 1432.0 -637.0 1432.0
11 4 54266 2130.5 2789.0 2124.0 2834.5 2130.5 2880.0 2137.0 2834.5
11 1 60891 1817.0 -4904.0 1901.0 -4867.0
11 2 47577 -1572.0 476.0 -1625.0 459.0 -1554.0 459.0
11 1 18285 -2678.0 -3360.0 -2626.0 -3303.0
11 4 81453 497.5 2545.0 483.0 2592.0 497.5 2639.0 512.0 2592.0
11 4 82896 -3023.0 4397.0 -3047.0 4403.5 -3023.0 4410.0 -2999.0 4403.5
11 4 6413 889.5 -2837.0 879.0 -2802.5 889.5 -2768.0 900.0 -2802.5
11 1 52280 4029.0 -94.0 4035.0 0.0
11 4 75356 -4308.0 2145.0 -4317.0 2190.0 -4308.0 2235.0 -4299.0 2190.0
11 1 1125 -3333.0 -1387.0 -3246.0 -1317.0
11 4 95924 3571.5 -2129.0 3551.0 -2106.5 3571.5 -2084.0 3592.0 -2106.5
11 1 8404 -731.0 -4415.0 -715.0 -4358.0
11 2 26016 1937.0 -2760.0 1906.0 -2858.0 1957.0 -2858.0
11 4 50259 4592.0 -3457.0 4548.0 -3438.5 4592.0 -3420.0 4636.0 -3438.5
11 2 83199 2378.0 444.0 2355.0 413.0 2427.0 413.0
11 2 44777 3724.0 1070.0 3659.0 970.0 3744.0 970.0
11 4 14894 -3479.0 -1564.0 -3484.0 -1528.5 -3479.0 -1493.0 -3474.0 -1528.5
11 1 67120 -3509.0 155.0 -3493.0 169.0
11 1 20076 1601.0 -1115.0 1684.0 -1056.0
11 4 88678 -2043.0 148.0 -2051.0 175.0 -2043.0 202.0 -2035.0 175.0
11 1 11027 -2598.0 -550.0 -2557.0 -451.0
11 1 34463 726.0 107.0 743.0 125.0
11 3 61121 95.0 520.0 -3178.0
11 2 96769 3715.0 1018.0 3699.0 1008.0 3788.0 1008.0
11 4 73046 -1137.5 885.0 -1188.0 887.0 -1137.5 889.0 -1087.0 887.0
11 1 84129 261.0 2455.0 264.0 2474.0
11 4 82809 -4678.0 4586.0 -4693.0 4635.0 -4678.0 4684.0 -4663.0 4635.0
11 2 14970 2490.0 -3020.0 2414.0 -3101.0 2494.0 -3101.0
11 3 74790 7.0 -2767.0 692.0
11 3 85876 16.0 1244.0 2499.0
11 2 5378 -2347.0 562.0 -2349.0 539.0 -2346.0 539.0
11 4 52451 468.0 4857.0 425.0 4904.5 468.0 4952.0 511.0 4904.5
11 2 77308 3993.0 -941.0 3992.0 -1010.0 4017.0 -1010.0
11 2 84664 -3166.0 1965.0 -3185.0 1867.0 -3154.0 1867.0
11 4 68130 -2901.5 -3010.0 -2926.0 -2976.5 -2901.5 -2943.0 -2877.0 -2976.5
11 1 33449 3043.0 -907.0 3052.0 -860.0
11 4 78882 1843.5 -3170.0 1818.0 -3133.0 1843.5 -3096.0 1869.0 -3133.0
11 3 2247 45.0 -3732.0 4598.0
11 4 95127 -1385.5 -1554.0 -1399.0 -1541.0 -1385.5 -1528.0 -1372.0 -1541.0
11 3 68609 45.0 -2606.0 -4169.0
11 1 35759 1497.0 -1372.0 1548.0 -1276.0
11 4 9785 2196.0 -4791.0 2191.0 -4744.0 2196.0 -4697.0 2201.0 -4744.0
11 1 34889 4590.0 4620.0 4598.0 4698.0
11 2 84274 -4274.0 4780.0 -4298.0 4749.0 -4233.0 4749.0
11 3 27973 52.0 -4380.0 737.0
11 4 45493 -722.0 -532.0 -763.0 -520.5 -722.0 -509.0 -681.0 -520.5
11 2 64122 -1775.0 4132.0 -1835.0 4068.0 -1747.0 4068.0
11 2 35500 -4286.0 -1892.0 -4293.0 -1991.0 -4278.0 -1991.0
11 3 75873 37.0 -2600.0 -408.0
11 3 98143 82.0 -1557.0 -2767.0
11 4 52124 -4344.5 639.0 -4375.0 675.0 -4344.5 711.0 -4314.0 675.0
11 2 27500 1776.0 1199.0 1762.0 1119.0 1820.0 1119.0
11 2 97939 -2416.0 2047.0 -2429.0 2037.0 -2415.0 2037.0
11 1 88018 -522.0 4736.0 -478.0 4785.0
11 2 985 1015.0 2275.0 971.0 2181.0 1021.0 2181.0
11 3 44162 37.0 2464.0 3622.0
11 3 3490 80.0 -4751.0 -2478.0
11 1 96243 -779.0 -3705.0 -716.0 -3654.0
11 3 34348 79.0 4172.0 3485.0
11 2 36224 3329.0 3006.0 3291.0 2984.0 3348.0 2984.0
11 1 58541 4808.0 -4330.0 4865.0 -4266.0
11 2 56764 -3568.0 2253.0 -3580.0 2213.0 -3558.0 2213.0
11 3 81524 90.0 4405.0 180.0
11 1 10627 1797.0 2091.0 1865.0 2126.0
11 4 82170 -1656.5 1114.0 -1680.0 1135.0 -1656.5 1156.0 -1633.0 1135.0
11 1 98991 4711.0 -398.0 4777.0 -388.0
11 3 84225 40.0 59.0 -2839.0
11 2 19496 -1956.0 -4766.0 -1957.0 -4768.0 -1955.0 -4768.0
11 3 90172 88.0 354.0 -4455.0
11 3 2468 85.0 -2853.0 1889.0
11 3 7065 3.0 591.0 378.0
11 1 92447 1380.0 -3189.0 1394.0 -3089.0
11 3 4448 61.0 -3573.0 4182.0
11 3 84200 9.0 -4653.0 -1670.0
11 3 99969 21.0 -1172.0 -4776.0
11 4 59952 1614.0 -1294.0 1599.0 -1274.0 1614.0 -1254.0 1629.0 -1274.0
11 3 56588 63.0 1428.0 452.0
11 2 87674 -3622.0 3870.0 -3638.0 3811.0 -3571.0 3811.0
11 2 60451 -1466.0 1313.0 -1483.0 1311.0 -1462.0 1311.0
11 4 7890 1996.5 -3417.0 1993.0 -3385.5 1996.5 -3354.0 2000.0 -3385.5
11 1 68001 1325.0 -3781.0 1337.0 -3685.0
11 2 44952 -2610.0 4236.0 -2624.0 4202.0 -2575.0 4202.0
11 1 29270 -1729.0 165.0 -1682.0 188.0
11 2 42295 2248.0 -2764.0 2220.0 -2780.0 2257.0 -2780.0
11 1 7118 3610.0 -1714.0 3647.0 -1703.0
11 1 58103 -1260.0 1682.0 -1170.0 1737.0
11 4 34422 3150.5 -1946.0 3132.0 -1901.5 3150.5 -1857.0 3169.0 -1901.5
11 4 59948 -3346.0 -2370.0 -3373.0 -2355.5 -3346.0 -2341.0 -3319.0 -2355.5
11 4 89751 -337.0 252.0 -387.0 288.5 -337.0 325.0 -287.0 288.5
11 4 25744 1415.0 4855.0 1375.0 4876.5 1415.0 4898.0 1455.0 4876.5
11 3 45345 65.0 2455.0 4537.0
11 3 28765 6.0 2543.0 1912.0
11 1 33536 168.0 1486.0 208.0 1539.0
11 1 85266 2288.0 -3375.0 2326.0 -3290.0
11 4 57857 -903.0 4335.0 -939.0 4362.0 -903.0 4389.0 -867.0 4362.0
11 2 29147 -3540.0 2381.0 -3570.0 2357.0 -3508.0 2357.0
11 3 11564 66.0 -334.0 -3507.0
11 4 45594 -1911.0 4311.0 -1961.0 4320.0 -1911.0 4329.0 -1861.0 4320.0
11 2 21215 -2931.0 -4428.0 -2954.0 -4476.0 -2864.0 -4476.0
11 1 93696 408.0 -4251.0 419.0 -4242.0
11 3 78361 96.0 4515.0 3538.0
11 1 58763 -4852.0 -4245.0 -4762.0 -4234.0
11 3 9247 26.0 4061.0 3356.0
11 3 1836 33.0 -3206.0 -4892.0
11 4 33775 -4439.0 -1557.0 -4461.0 -1510.0 -4439.0 -1463.0 -4417.0 -1510.0
11 3 5408 95.0 -2553.0 -456.0
11 2 50642 -267.0 4304.0 -277.0 4213.0 -177.0 4213.0
11 1 23326 1265.0 3776.0 1354.0 3792.0
11 3 27946 79.0 -2506.0 877.0
11 3 61656 87.0 -4449.0 -2033.0
11 1 45765 -762.0 655.0 -711.0 659.0
11 3 23323 88.0 2138.0 -2618.0
11 4 70799 -971.5 -4582.0 -992.0 -4577.5 -971.5 -4573.0 -951.0 -4577.5
11 1 93971 -2495.0 4712.0 -2448.0 4719.0
11 1 15340 4225.0 -3489.0 4283.0 -3442.0
11 2 25981 1419.0 886.0 1331.0 846.0 1431.0 846.0
11 2 55987 -1269.0 3346.0 -1311.0 3341.0 -1232.0 3341.0
11 4 53505 110.5 961.0 65.0 1000.5 110.5 1040.0 156.0 1000.5
11 3 38059 15.0 4011.0 -2417.0
11 4 20334 -115.5 1624.0 -135.0 1649.0 -115.5 1674.0 -96.0 1649.0
11 3 66901 30.0 2206.0 -683.0
11 1 23458 3915.0 -3018.0 3972.0 -2971.0
11 2 34219 -2985.0 1129.0 -3004.0 1102.0 -2960.0 1102.0
11 3 85700 96.0 3665.0 -2955.0
11 2 32577 3163.0 2532.0 3153.0 2523.0 3202.0 2523.0
11 4 22729 -4751.5 -4008.0 -4765.0 -3958.5 -4751.5 -3909.0 -4738.0 -3958.5
11 4 86920 134.5 788.0 100.0 817.5 134.5 847.0 169.0 817.5
11 3 5715 49.0 2233.0 647.0
11 3 18774 61.0 -2376.0 1426.0
11 3 70680 74.0 -1978.0 1969.0
11 2 39477 2495.0 3188.0 2490.0 3117.0 2497.0 3117.0
11 1 78202 -971.0 -2117.0 -968.0 -2099.0
11 4 19986 -4550.5 -246.0 -4563.0 -234.5 -4550.5 -223.0 -4538.0 -234.5
11 3 42538 74.0 -4804.0 0.0
11 1 20257 -3037.0 788.0 -2985.0 853.0
11 4 30877 4966.5 103.0 4952.0 111.5 4966.5 120.0 4981.0 111.5
11 2 25297 2896.0 2151.0 2882.0 2067.0 2908.0 2067.0
11 3 53627 28.0 -1479.0 3636.0
11 4 66089 -810.5 -3147.0 -826.0 -3111.5 -810.5 -3076.0 -795.0 -3111.5
11 2 64932 4111.0 -1010.0 4037.0 -1014.0 4129.0 -1014.0
11 2 26044 -3244.0 -1442.0 -3246.0 -1524.0 -3230.0 -1524.0
11 1 8674 3710.0 -4517.0 3711.0 -4447.0
11 2 66943 -2351.0 -2866.0 -2354.0 -2924.0 -2253.0 -2924.0
11 3 74407 51.0 1910.0 397.0
11 3 31879 65.0 906.0 -3461.0
11 3 58661 9.0 -4223.0 1871.0
11 2 94790 -3182.0 2442.0 -3246.0 2396.0 -3164.0 2396.0
11 4 14804 -2703.0 480.0 -2731.0 517.5 -2703.0 555.0 -2675.0 517.5
11 2 20467 -652.0 -2964.0 -653.0 -3002.0 -614.0 -3002.0
11 1 42707 -2333.0 882.0 -2317.0 934.0
11 1 49802 2199.0 -1122.0 2237.0 -1074.0
11 4 86166 -3239.5 -1342.0 -3284.0 -1324.5 -3239.5 -1307.0 -3195.0 -1324.5
11 1 67078 -1377.0 38.0 -1327.0 39.0
11 3 20743 58.0 2246.0 -464.0
11 1 13971 3895.0 -1332.0 3938.0 -1250.0
11 2 79492 3104.0 1228.0 3098.0 1187.0 3139.0 1187.0
11 3 18956 27.0 812.0 -530.0
11 4 85579 1928.0 -3793.0 1896.0 -3742.5 1928.0 -3692.0 1960.0 -3742.5
11 3 7322 67.0 2455.0 -4098.0
11 3 63805 36.0 -3979.0 3791.0
11 4 9776 4634.5 -2489.0 4584.0 -2458.0 4634.5 -2427.0 4685.0 -2458.0
11 1 12520 -1831.0 -1465.0 -1823.0 -1382.0
11 1 272 -4752.0 -4098.0 -4726.0 -4041.0
11 1 13926 -1999.0 -3648.0 -1964.0 -3555.0
11 1 43502 3245.0 -2369.0 3286.0 -2315.0
11 4 18932 -3124.5 2584.0 -3152.0 2628.0 -3124.5 2672.0 -3097.0 2628.0
11 3 28019 63.0 -4017.0 2653.0
11 1 70471 578.0 -4936.0 633.0 -4871.0
11 2 32767 2319.0 3785.0 2307.0 3762.0 2320.0 3762.0
11 2 11331 -3181.0 -858.0 -3199.0 -911.0 -3180.0 -911.0
11 2 10633 4589.0 229.0 4536.0 205.0 4591.0 205.0
11 4 39097 -689.5 3180.0 -692.0 3184.5 -689.5 3189.0 -687.0 3184.5
11 4 26640 1498.0 -4133.0 1448.0 -4109.0 1498.0 -4085.0 1548.0 -4109.0
11 1 46024 -3477.0 -58.0 -3414.0 -13.0
11 4 30825 1797.0 -4718.0 1787.0 -4710.0 1797.0 -4702.0 1807.0 -4710.0
11 4 24716 1751.0 2362.0 1739.0 2392.5 1751.0 2423.0 1763.0 2392.5
11 2 63350 -4731.0 4862.0 -4734.0 4830.0 -4725.0 4830.0
11 3 46358 6.0 4063.0 1764.0
11 2 43292 1480.0 1568.0 1465.0 1514.0 1489.0 1514.0
11 3 62279 6.0 -4492.0 4377.0
11 3 64292 27.0 4955.0 4425.0
11 1 61741 -3714.0 -2733.0 -3689.0 -2653.0
11 3 37223 99.0 -2142.0 3474.0
11 2 11949 -1170.0 1708.0 -1182.0 1690.0 -1161.0 1690.0
11 4 33854 4312.0 -114.0 4271.0 -69.5 4312.0 -25.0 4353.0 -69.5
11 1 74882 2634.0 -4666.0 2686.0 -4652.0
11 1 42629 -2878.0 4443.0 -2786.0 4531.0
11 3 64983 64.0 1136.0 4359.0
11 3 5141 13.0 -467.0 -4947.0
11 2 76257 2926.0 -4505.0 2920.0 -4518.0 2934.0 -4518.0
11 1 44602 -870.0 -4851.0 -849.0 -4804.0
11 2 38618 -3452.0 1718.0 -3469.0 1649.0 -3452.0 1649.0
11 1 7706 3037.0 -1676.0 3130.0 -1600.0
11 4 43393 1828.5 -1009.0 1799.0 -981.0 1828.5 -953.0 1858.0 -981.0
11 2 31707 4880.0 -4690.0 4865.0 -4786.0 4907.0 -4786.0
11 1 27920 1794.0 4231.0 1851.0 4329.0
11 2 31498 -3021.0 4369.0 -3022.0 4303.0 -3019.0 4303.0
11 1 40956 -2238.0 -1401.0 -2229.0 -1314.0
11 2 98733 -34.0 -4783.0 -50.0 -4851.0 -34.0 -4851.0
11 4 55892 -476.5 -4966.0 -501.0 -4962.5 -476.5 -4959.0 -452.0 -4962.5
11 2 1750 -867.0 1638.0 -875.0 1563.0 -809.0 1563.0
11 4 93058 -2776.5 -4196.0 -2793.0 -4194.5 -2776.5 -4193.0 -2760.0 -4194.5
11 1 97186 3366.0 2754.0 3377.0 2783.0
11 3 86461 24.0 4306.0 -1462.0
11 4 46583 -4631.0 -734.0 -4673.0 -703.0 -4631.0 -672.0 -4589.0 -703.0
11 3 87823 62.0 4144.0 -2655.0
11 4 62771 151.5 4663.0 139.0 4708.5 151.5 4754.0 164.0 4708.5
11 3 44975 3.0 -890.0 -4763.0
11 4 15562 -4314.5 -4389.0 -4349.0 -4355.0 -4314.5 -4321.0 -4280.0 -4355.0
11 2 9426 838.0 1764.0 778.0 1670.0 846.0 1670.0
11 4 29580 -392.5 1511.0 -395.0 1530.0 -392.5 1549.0 -390.0 1530.0
11 4 35929 -4537.0 3389.0 -4576.0 3436.5 -4537.0 3484.0 -4498.0 3436.5
11 2 95598 -1933.0 4439.0 -1979.0 4373.0 -1912.0 4373.0
11 3 609 74.0 1283.0 4020.0
11 3 32188 57.0 1597.0 2288.0
11 1 31112 2895.0 -3599.0 2900.0 -3513.0
11 3 14687 44.0 -1917.0 4970.0
11 3 13180 26.0 -3164.0 -4048.0
11 2 46327 -182.0 -1123.0 -239.0 -1130.0 -168.0 -1130.0
11 1 89013 3360.0 4774.0 3424.0 4813.0
11 4 21877 -1034.5 -3821.0 -1048.0 -3816.5 -1034.5 -3812.0 -1021.0 -3816.5
11 2 21399 3168.0 4142.0 3135.0 4115.0 3169.0 4115.0
11 1 79904 510.0 -3725.0 511.0 -3628.0
11 1 1579 -1162.0 -4542.0 -1117.0 -4490.0
11 2 68262 3515.0 2371.0 3495.0 2343.0 3516.0 2343.0
11 2 38951 1061.0 -4713.0 1013.0 -4780.0 1081.0 -4780.0
11 1 13567 -545.0 1923.0 -470.0 1938.0
11 2 7798 -2409.0 3861.0 -2430.0 3775.0 -2408.0 3775.0
11 2 69968 4284.0 -1975.0 4196.0 -2024.0 4288.0 -2024.0
11 3 49167 73.0 -4049.0 -4174.0
11 1 42198 2811.0 -2108.0 2891.0 -2046.0
11 4 66634 -3984.0 874.0 -4003.0 877.5 -3984.0 881.0 -3965.0 877.5
11 4 90665 1278.0 3456.0 1244.0 3468.5 1278.0 3481.0 1312.0 3468.5
11 1 25109 -4076.0 -112.0 -4035.0 -23.0
11 4 59962 1002.0 978.0 969.0 1011.0 1002.0 1044.0 1035.0 1011.0
11 4 51457 -1195.0 -4344.0 -1197.0 -4316.0 -1195.0 -4288.0 -1193.0 -4316.0
11 1 69179 -2184.0 2370.0 -2128.0 2427.0
11 1 1580 4494.0 -1720.0 4508.0 -1698.0
11 2 3814 -4313.0 774.0 -4337.0 688.0 -4247.0 688.0
11 3 55048 89.0 1199.0 1622.0
11 4 61715 1725.5 2421.0 1699.0 2459.5 1725.5 2498.0 1752.0 2459.5
11 3 5597 81.0 2869.0 3018.0
11 2 48541 2411.0 4563.0 2362.0 4527.0 2449.0 4527.0
11 4 19074 1530.5 -2948.0 1517.0 -2947.0 1530.5 -2946.0 1544.0 -2947.0
11 2 29047 -3536.0 -4306.0 -3555.0 -4372.0 -3505.0 -4372.0
11 3 5080 5.0 4995.0 -1479.0
11 1 16184 -454.0 3836.0 -386.0 3842.0
11 4 77664 2886.0 -2784.0 2857.0 -2749.0 2886.0 -2714.0 2915.0 -2749.0
11 2 14504 -1155.0 -4605.0 -1170.0 -4621.0 -1147.0 -4621.0
11 3 55172 44.0 -4673.0 2211.0
11 4 64047 -4431.5 1417.0 -4461.0 1423.5 -4431.5 1430.0 -4402.0 1423.5
11 1 13191 -2144.0 2891.0 -2108.0 2892.0
11 3 63521 6.0 2474.0 -211.0
11 4 38126 -693.0 -2732.0 -706.0 -2709.5 -693.0 -2687.0 -680.0 -2709.5
11 3 17761 48.0 1834.0 1771.0
11 2 71060 1705.0 498.0 1622.0 429.0 1722.0 429.0
11 2 8315 -3821.0 -3994.0 -3822.0 -4030.0 -3819.0 -4030.0
11 4 77436 2191.0 -4262.0 2188.0 -4247.5 2191.0 -4233.0 2194.0 -4247.5
11 2 26467 -336.0 -3114.0 -365.0 -3124.0 -327.0 -3124.0
11 1 4074 3858.0 1940.0 3866.0 1960.0
11 2 84113 -3283.0 -511.0 -3346.0 -521.0 -3269.0 -521.0
11 1 36893 -3285.0 -4016.0 -3195.0 -3960.0
11 2 29000 2820.0 -221.0 2816.0 -299.0 2821.0 -299.0
11 3 4710 5.0 597.0 2317.0
11 3 78416 46.0 -3009.0 -3021.0
11 2 67864 3237.0 1185.0 3159.0 1156.0 3248.0 1156.0
11 3 80271 18.0 -258.0 -2295.0
11 1 52350 -2381.0 -1879.0 -2366.0 -1782.0
11 3 76888 25.0 -3456.0 -916.0
11 2 36481 -4659.0 1979.0 -4686.0 1916.0 -4653.0 1916.0
11 3 7269 62.0 3772.0 1108.0
11 4 70275 3723.0 -2700.0 3708.0 -2672.5 3723.0 -2645.0 3738.0 -2672.5
11 4 24800 3603.5 -4036.0 3593.0 -4022.0 3603.5 -4008.0 3614.0 -4022.0
11 3 77656 80.0 -2523.0 2708.0
11 4 85135 3612.0 4224.0 3610.0 4263.5 3612.0 4303.0 3614.0 4263.5
11 3 84858 35.0 -719.0 3805.0
11 2 96187 -382.0 -3935.0 -387.0 -3990.0 -378.0 -3990.0
11 4 68438 154.0 -4940.0 105.0 -4897.5 154.0 -4855.0 203.0 -4897.5
11 1 5403 -1181.0 -3153.0 -1125.0 -3082.0
11 1 14857 -3439.0 3238.0 -3438.0 3260.0
11 3 18899 52.0 -3742.0 2115.0
11 4 90605 4148.5 -4965.0 4142.0 -4926.0 4148.5 -4887.0 4155.0 -4926.0
11 1 17270 1311.0 3856.0 1317.0 3956.0
11 2 35790 2044.0 -1671.0 1972.0 -1765.0 2048.0 -1765.0
11 1 51954 -2159.0 605.0 -2106.0 671.0
11 1 36708 1671.0 -93.0 1682.0 -49.0
11 2 82073 2456.0 -1083.0 2390.0 -1159.0 2480.0 -1159.0
11 4 43721 623.0 -84.0 583.0 -45.0 623.0 -6.0 663.0 -45.0
11 3 86162 47.0 -4162.0 1381.0
11 3 88899 65.0 -4734.0 150.0
11 4 46915 -1453.0 -4835.0 -1482.0 -4786.0 -1453.0 -4737.0 -1424.0 -4786.0
11 2 73332 115.0 4990.0 110.0 4897.0 117.0 4897.0
11 4 47410 151.5 4953.0 120.0 4975.5 151.5 4998.0 183.0 4975.5
11 1 9162 3364.0 -421.0 3421.0 -411.0
11 2 15688 -1032.0 -2062.0 -1033.0 -2079.0 -1028.0 -2079.0
11 2 41430 1634.0 -4654.0 1609.0 -4706.0 1652.0 -4706.0
11 3 21772 5.0 4053.0 -4510.0
11 3 86327 98.0 -2641.0 -2902.0
11 3 47967 5.0 -4724.0 4351.0
11 4 4521 2793.5 -2627.0 2791.0 -2601.0 2793.5 -2575.0 2796.0 -2601.0
11 3 3644 76.0 -2727.0 3679.0
11 1 42415 90.0 -3962.0 174.0 -3926.0
11 2 54910 -4356.0 3248.0 -4377.0 3184.0 -4356.0 3184.0
11 1 24224 -3573.0 -979.0 -3558.0 -940.0
11 1 8556 2615.0 1475.0 2709.0 1553.0
11 4 1582 875.5 3219.0 847.0 3245.0 875.5 3271.0 904.0 3245.0
11 2 93380 -2785.0 3028.0 -2795.0 2999.0 -2771.0 2999.0
11 1 37739 -4074.0 4984.0 -4005.0 4991.0
11 4 28666 -4683.5 592.0 -4685.0 597.0 -4683.5 602.0 -4682.0 597.0
11 1 23803 1715.0 -1886.0 1795.0 -1845.0
11 4 73411 -4768.0 -3244.0 -4785.0 -3202.0 -4768.0 -3160.0 -4751.0 -3202.0
11 1 83373 -988.0 -3186.0 -931.0 -3087.0
11 4 6356 4703.0 -1167.0 4673.0 -1165.5 4703.0 -1164.0 4733.0 -1165.5
11 3 77963 3.0 -3990.0 -4914.0
11 2 84427 -768.0 -3674.0 -808.0 -3773.0 -768.0 -3773.0
11 3 32454 17.0 -4919.0 2739.0
11 1 68910 -853.0 742.0 -811.0 776.0
11 2 80226 -1109.0 -1649.0 -1139.0 -1704.0 -1047.0 -1704.0
11 4 53536 296.5 616.0 252.0 645.5 296.5 675.0 341.0 645.5
11 3 29003 78.0 -1914.0 -2980.0
11 3 48121 98.0 -2051.0 -1699.0
11 2 79342 -2317.0 4240.0 -2325.0 4147.0 -2313.0 4147.0
11 4 26038 1643.5 422.0 1623.0 437.0 1643.5 452.0 1664.0 437.0
11 2 55069 103.0 909.0 81.0 883.0 103.0 883.0
11 3 39937 43.0 2178.0 3633.0
11 2 65303 -4793.0 1444.0 -4868.0 1374.0 -4779.0 1374.0
11 2 29954 -83.0 3355.0 -108.0 3351.0 -71.0 3351.0
11 3 50455 30.0 -3686.0 -67.0
11 3 56310 29.0 -2950.0 274.0
11 1 66825 2715.0 -4637.0 2800.0 -4577.0
11 3 78454 54.0 -4334.0 -4160.0
11 3 37706 92.0 1297.0 -1621.0
11 4 39779 -1315.5 -1588.0 -1337.0 -1584.0 -1315.5 -1580.0 -1294.0 -1584.0
11 3 31214 52.0 -325.0 -206.0
11 4 16346 -4223.5 3087.0 -4244.0 3090.0 -4223.5 3093.0 -4203.0 3090.0
11 1 98610 3797.0 48.0 3890.0 124.0
11 4 52601 2249.5 2178.0 2218.0 2213.0 2249.5 2248.0 2281.0 2213.0
11 3 85093 73.0 128.0 -4379.0
11 1 74813 402.0 489.0 433.0 522.0
11 3 92022 74.0 1227.0 -1149.0
11 2 70119 951.0 2630.0 890.0 2534.0 979.0 2534.0
11 2 52097 1819.0 2333.0 1773.0 2328.0 1835.0 2328.0
11 1 44696 -2386.0 -3679.0 -2378.0 -3601.0
11 3 71598 69.0 -4848.0 -2182.0
11 1 60008 -1401.0 -2876.0 -1313.0 -2816.0
11 1 41243 366.0 2308.0 373.0 2366.0
11 3 52003 54.0 3683.0 -4807.0
11 1 41033 -3462.0 103.0 -3461.0 195.0
11 1 18353 -4960.0 4572.0 -4947.0 4576.0
11 1 84944 4480.0 -167.0 4546.0 -111.0
11 1 66274 -1535.0 -1887.0 -1525.0 -1849.0
11 3 28741 9.0 3921.0 4617.0
11 1 33823 4104.0 -771.0 4158.0 -720.0
11 3 8260 33.0 -2730.0 -4683.0
11 3 91176 71.0 -2612.0 -1831.0
11 3 76014 60.0 668.0 -1449.0
11 1 77053 2382.0 1025.0 2445.0 1039.0
11 2 62073 -1333.0 -4806.0 -1376.0 -4847.0 -1294.0 -4847.0
11 3 31893 9.0 2998.0 -4908.0
11 2 74295 3428.0 4332.0 3412.0 4287.0 3429.0 4287.0
11 2 46988 -2398.0 1325.0 -2416.0 1276.0 -2390.0 1276.0
11 1 74560 -1543.0 1585.0 -1505.0 1643.0
11 3 49236 69.0 3246.0 4722.0
11 4 30019 2623.5 4883.0 2601.0 4893.5 2623.5 4904.0 2646.0 4893.5
11 1 31647 -2191.0 4050.0 -2159.0 4116.0
11 1 95344 -2259.0 -111.0 -2230.0 -30.0
11 3 47074 17.0 -3476.0 -2679.0
11 3 30255 46.0 -1979.0 -4877.0
11 4 49266 -3708.0 -4007.0 -3739.0 -4000.0 -3708.0 -3993.0 -3677.0 -4000.0
11 3 66744 56.0 419.0 225.0
11 3 17425 71.0 215.0 -2910.0
11 1 5789 -2532.0 637.0 -2452.0 694.0
11 4 38936 4186.5 -4013.0 4138.0 -3973.0 4186.5 -3933.0 4235.0 -3973.0
11 2 1570 -4769.0 521.0 -4775.0 484.0 -4730.0 484.0
11 2 36136 4744.0 -776.0 4736.0 -851.0 4750.0 -851.0
11 2 98391 -4033.0 4325.0 -4049.0 4319.0 -4008.0 4319.0
11 1 42348 -1950.0 2985.0 -1911.0 3074.0
11 1 60543 -4578.0 -631.0 -4570.0 -532.0
11 1 21878 -1052.0 -984.0 -1030.0 -907.0
11 4 53130 956.5 -2926.0 913.0 -2892.5 956.5 -2859.0 1000.0 -2892.5
11 1 69466 -1151.0 -1659.0 -1121.0 -1634.0
11 3 10240 13.0 450.0 -4368.0
11 3 37374 55.0 3220.0 -3113.0
11 2 46478 4935.0 795.0 4931.0 702.0 4998.0 702.0
11 4 32882 -2759.0 1688.0 -2795.0 1727.5 -2759.0 1767.0 -2723.0 1727.5
11 2 76587 4493.0 3442.0 4443.0 3385.0 4523.0 3385.0
11 1 51983 -683.0 -1293.0 -601.0 -1215.0
11 4 36333 -2565.5 -2264.0 -2568.0 -2239.5 -2565.5 -2215.0 -2563.0 -2239.5
11 1 72070 -4121.0 869.0 -4066.0 915.0
11 3 84700 80.0 -3772.0 123.0
11 4 39636 -3024.0 -1797.0 -3072.0 -1758.0 -3024.0 -1719.0 -2976.0 -1758.0
11 3 25610 96.0 -4199.0 -3679.0
11 3 85175 67.0 149.0 -2586.0
11 4 3684 -1788.5 2722.0 -1818.0 2724.5 -1788.5 2727.0 -1759.0 2724.5
11 3 73694 23.0 -2573.0 -369.0
11 4 45572 2259.5 -104.0 2238.0 -69.5 2259.5 -35.0 2281.0 -69.5
11 1 15578 1256.0 -1506.0 1295.0 -1494.0
11 4 72927 4279.0 -1091.0 4275.0 -1081.0 4279.0 -1071.0 4283.0 -1081.0
11 3 98475 32.0 -2400.0 3823.0
11 4 55753 4900.5 -1932.0 4883.0 -1897.5 4900.5 -1863.0 4918.0 -1897.5
11 4 20801 -1397.0 3850.0 -1437.0 3864.0 -1397.0 3878.0 -1357.0 3864.0
11 4 62271 -520.0 3622.0 -558.0 3671.0 -520.0 3720.0 -482.0 3671.0
11 4 72194 1516.0 949.0 1485.0 981.0 1516.0 1013.0 1547.0 981.0
11 3 3137 43.0 906.0 -187.0
11 2 83914 -479.0 -1637.0 -489.0 -1726.0 -458.0 -1726.0
11 1 57561 -295.0 1358.0 -206.0 1376.0
11 4 60841 1845.0 324.0 1820.0 345.0 1845.0 366.0 1870.0 345.0
11 4 96535 4477.0 4816.0 4465.0 4835.0 4477.0 4854.0 4489.0 4835.0
11 1 14548 573.0 2980.0 620.0 2985.0
11 2 63455 1530.0 4204.0 1513.0 4143.0 1594.0 4143.0
11 3 17104 4.0 4470.0 3207.0
11 4 46314 -4346.0 4774.0 -4359.0 4787.0 -4346.0 4800.0 -4333.0 4787.0
11 1 45356 1999.0 1272.0 2068.0 1312.0
11 1 87275 -618.0 -1556.0 -576.0 -1540.0
11 3 25435 45.0 -1376.0 -3732.0
11 1 88696 3399.0 -4258.0 3478.0 -4217.0
11 4 98409 -3135.0 3925.0 -3172.0 3941.0 -3135.0 3957.0 -3098.0 3941.0
11 4 13102 296.0 -557.0 285.0 -536.5 296.0 -516.0 307.0 -536.5
11 1 25185 4081.0 -136.0 4161.0 -91.0
11 1 25849 4843.0 -640.0 4871.0 -564.0
11 3 49528 23.0 -1575.0 -2688.0
11 2 72489 -733.0 4815.0 -762.0 4787.0 -712.0 4787.0
11 4 99384 -75.0 1304.0 -78.0 1343.5 -75.0 1383.0 -72.0 1343.5
11 3 14029 72.0 3457.0 -78.0
11 4 28989 2482.0 4921.0 2456.0 4956.5 2482.0 4992.0 2508.0 4956.5
11 3 74343 10.0 -2733.0 -1794.0
11 4 69793 -2345.0 -4556.0 -2384.0 -4536.0 -2345.0 -4516.0 -2306.0 -4536.0
11 1 98934 -260.0 -3696.0 -172.0 -3629.0
11 3 29239 36.0 -3091.0 2309.0
11 1 74956 3810.0 3488.0 3849.0 3542.0
11 4 10270 -1367.0 -4151.0 -1391.0 -4149.0 -1367.0 -4147.0 -1343.0 -4149.0
11 3 61064 79.0 1694.0 2027.0
11 3 47788 49.0 -924.0 -3331.0
11 2 25407 2863.0 3109.0 2819.0 3037.0 2863.0 3037.0
11 1 59919 -2219.0 174.0 -2193.0 191.0
11 1 58753 -1514.0 -3092.0 -1461.0 -3082.0
11 3 72505 34.0 2343.0 3466.0
11 1 7618 -4498.0 -4352.0 -4497.0 -4279.0
11 1 94272 -4017.0 1461.0 -3972.0 1544.0
11 4 22746 1349.0 -341.0 1342.0 -332.5 1349.0 -324.0 1356.0 -332.5
11 3 50029 63.0 2694.0 -2250.0
11 4 84696 916.0 2439.0 874.0 2441.5 916.0 2444.0 958.0 2441.5
11 2 97823 4391.0 -3272.0 4386.0 -3315.0 4421.0 -3315.0
11 1 23237 3762.0 -3043.0 3836.0 -2945.0
11 4 73560 872.0 -4854.0 858.0 -4811.0 872.0 -4768.0 886.0 -4811.0
11 1 49823 -2238.0 -4036.0 -2159.0 -4022.0
11 4 36615 -4701.5 3412.0 -4708.0 3427.5 -4701.5 3443.0 -4695.0 3427.5
11 4 47615 -4680.5 -2044.0 -4682.0 -2041.5 -4680.5 -2039.0 -4679.0 -2041.5
11 3 90034 28.0 -3434.0 4553.0
11 2 77095 -974.0 807.0 -1000.0 781.0 -899.0 781.0
11 2 61450 3429.0 -2065.0 3416.0 -2127.0 3430.0 -2127.0
11 4 41174 -1695.0 390.0 -1739.0 424.5 -1695.0 459.0 -1651.0 424.5
11 2 55990 705.0 1062.0 702.0 1007.0 743.0 1007.0
11 3 85472 47.0 2607.0 -3856.0
11 1 1776 4194.0 1049.0 4210.0 1075.0
11 1 62812 -2217.0 2519.0 -2132.0 2596.0
11 2 84704 2207.0 -552.0 2183.0 -622.0 2230.0 -622.0
11 2 8967 -4609.0 -1061.0 -4616.0 -1099.0 -4607.0 -1099.0
11 1 5862 -1970.0 -1685.0 -1902.0 -1657.0
11 1 57289 -4107.0 -668.0 -4048.0 -639.0
11 2 38478 -1244.0 -171.0 -1272.0 -228.0 -1195.0 -228.0
11 3 39072 76.0 3294.0 3765.0
11 1 56054 -3214.0 -2577.0 -3204.0 -2540.0
11 2 16816 -363.0 -3120.0 -372.0 -3124.0 -309.0 -3124.0
11 4 88599 -3604.0 2975.0 -3647.0 3020.5 -3604.0 3066.0 -3561.0 3020.5
11 1 57787 1118.0 -4899.0 1151.0 -4848.0
11 1 40833 -3794.0 -4325.0 -3722.0 -4243.0
11 4 51548 -2761.0 2807.0 -2784.0 2823.5 -2761.0 2840.0 -2738.0 2823.5
11 4 6462 3447.5 -3688.0 3401.0 -3643.0 3447.5 -3598.0 3494.0 -3643.0
11 4 78825 816.5 3864.0 793.0 3908.0 816.5 3952.0 840.0 3908.0
11 2 54727 3167.0 4854.0 3138.0 4763.0 3212.0 4763.0
11 3 71543 36.0 -1573.0 -2816.0
11 4 64705 2003.0 -3076.0 1953.0 -3061.5 2003.0 -3047.0 2053.0 -3061.5
11 3 80402 71.0 -47.0 -1710.0
11 1 83300 4216.0 2827.0 4302.0 2864.0
11 3 45453 20.0 -4599.0 939.0
11 1 95387 -4176.0 4989.0 -4148.0 4992.0
11 4 49863 595.0 -2390.0 576.0 -2385.0 595.0 -2380.0 614.0 -2385.0
11 2 98378 -3891.0 -543.0 -3893.0 -556.0 -3887.0 -556.0
11 2 63794 3348.0 -318.0 3347.0 -343.0 3430.0 -343.0
11 2 66435 -1276.0 -3184.0 -1297.0 -3278.0 -1270.0 -3278.0
11 3 37687 57.0 -2659.0 -4683.0
11 3 46336 53.0 3795.0 2447.0
11 2 46069 -206.0 -4539.0 -208.0 -4610.0 -205.0 -4610.0
11 4 4222 -708.5 864.0 -743.0 882.5 -708.5 901.0 -674.0 882.5
11 1 67555 -1014.0 -2938.0 -990.0 -2843.0
11 3 22458 6.0 3000.0 -3180.0
11 4 49578 3504.5 2146.0 3501.0 2154.0 3504.5 2162.0 3508.0 2154.0
11 1 88971 4144.0 3439.0 4215.0 3531.0
11 4 70292 4433.0 4988.0 4410.0 4990.5 4433.0 4993.0 4456.0 4990.5
11 3 63984 25.0 -2113.0 4051.0
11 4 55483 -3791.5 -1815.0 -3837.0 -1796.5 -3791.5 -1778.0 -3746.0 -1796.5
11 2 6511 -904.0 192.0 -907.0 127.0 -896.0 127.0
11 1 45582 -3852.0 -46.0 -3780.0 40.0
11 3 11928 57.0 -2554.0 -1843.0
11 2 51961 -2689.0 -718.0 -2752.0 -817.0 -2655.0 -817.0
11 1 48447 682.0 -1330.0 753.0 -1245.0
11 1 6572 -2282.0 -357.0 -2267.0 -258.0
11 4 40059 4782.0 -1897.0 4735.0 -1856.5 4782.0 -1816.0 4829.0 -1856.5
11 1 26946 -2162.0 4071.0 -2136.0 4145.0
11 3 70449 15.0 -2302.0 4223.0
11 4 1011 583.0 1374.0 552.0 1385.0 583.0 1396.0 614.0 1385.0
11 1 83583 213.0 -4625.0 266.0 -4595.0
11 2 85571 2010.0 -3013.0 1998.0 -3031.0 2039.0 -3031.0
11 2 18217 1276.0 -4290.0 1270.0 -4373.0 1286.0 -4373.0
11 4 50647 -138.0 -3960.0 -144.0 -3934.0 -138.0 -3908.0 -132.0 -3934.0
11 2 24285 3961.0 -914.0 3946.0 -952.0 3968.0 -952.0
11 1 17658 4159.0 -2120.0 4179.0 -2115.0
11 4 74335 -3369.0 -4476.0 -3391.0 -4456.5 -3369.0 -4437.0 -3347.0 -4456.5
11 4 23366 -1003.0 -1584.0 -1026.0 -1582.0 -1003.0 -1580.0 -980.0 -1582.0
11 3 37074 17.0 1067.0 947.0
11 2 41181 2050.0 3799.0 2030.0 3711.0 2118.0 3711.0
11 1 44659 -1912.0 -4370.0 -1868.0 -4356.0
11 3 93534 80.0 1714.0 -4659.0
11 2 50555 415.0 151.0 408.0 143.0 426.0 143.0
11 3 23234 27.0 427.0 -3663.0
11 4 14841 1406.0 -2213.0 1397.0 -2212.0 1406.0 -2211.0 1415.0 -2212.0
11 1 6243 -4276.0 4656.0 -4263.0 4661.0
11 4 55808 3684.0 37.0 3668.0 74.5 3684.0 112.0 3700.0 74.5
11 1 97016 3547.0 -3354.0 3620.0 -3291.0
11 2 73202 -1669.0 1788.0 -1697.0 1737.0 -1666.0 1737.0
11 2 73124 -99.0 2333.0 -110.0 2244.0 -80.0 2244.0
11 3 42831 43.0 -540.0 -3702.0
11 2 76599 2831.0 3161.0 2807.0 3143.0 2841.0 3143.0
11 3 60852 15.0 -4181.0 -3935.0
11 1 24176 854.0 -1742.0 911.0 -1677.0
11 2 14847 -3535.0 4195.0 -3536.0 4099.0 -3529.0 4099.0
11 2 83522 2289.0 -935.0 2279.0 -937.0 2292.0 -937.0
11 4 62753 4880.5 596.0 4851.0 633.5 4880.5 671.0 4910.0 633.5
11 1 50568 -3428.0 2776.0 -3372.0 2822.0
11 2 46034 1237.0 -645.0 1231.0 -672.0 1308.0 -672.0
11 4 53770 -548.0 4747.0 -582.0 4795.0 -548.0 4843.0 -514.0 4795.0
11 1 6334 222.0 3798.0 246.0 3832.0
11 4 7545 3776.0 -2930.0 3732.0 -2882.5 3776.0 -2835.0 3820.0 -2882.5
11 1 6496 2853.0 1078.0 2916.0 1152.0
11 2 55470 812.0 4876.0 769.0 4825.0 847.0 4825.0
11 3 16251 55.0 -3747.0 -452.0
11 2 47464 -2865.0 3037.0 -2894.0 2977.0 -2852.0 2977.0
11 1 47314 -2012.0 1322.0 -1965.0 1416.0
11 1 42487 1102.0 -1232.0 1191.0 -1174.0
11 4 25632 4939.5 3808.0 4902.0 3849.0 4939.5 3890.0 4977.0 3849.0
11 1 31477 -93.0 -4381.0 -71.0 -4369.0
11 2 92596 -4786.0 163.0 -4809.0 117.0 -4739.0 117.0
11 2 8856 3932.0 4969.0 3867.0 4965.0 3942.0 4965.0
11 3 13406 2.0 -3230.0 793.0
11 4 70578 2475.0 672.0 2432.0 705.5 2475.0 739.0 2518.0 705.5
11 2 62574 -2852.0 -2700.0 -2867.0 -2782.0 -2766.0 -2782.0
11 4 59416 1702.0 4255.0 1665.0 4278.5 1702.0 4302.0 1739.0 4278.5
11 1 27188 -1276.0 2802.0 -1256.0 2803.0
11 1 90780 2241.0 -1588.0 2284.0 -1518.0
11 2 29733 -1684.0 2715.0 -1708.0 2617.0 -1681.0 2617.0
11 1 60289 4954.0 3000.0 4967.0 3015.0
11 3 88225 5.0 -4758.0 4529.0
11 4 67013 -4169.0 3415.0 -4211.0 3455.0 -4169.0 3495.0 -4127.0 3455.0
11 1 88874 3798.0 -2741.0 3872.0 -2647.0
11 3 30768 16.0 -286.0 1230.0
11 2 42931 1882.0 -408.0 1876.0 -434.0 1889.0 -434.0
11 3 59493 36.0 -3784.0 4257.0
11 3 81474 89.0 1292.0 -3158.0
11 2 78078 2003.0 1753.0 1960.0 1739.0 2011.0 1739.0
11 2 79634 1640.0 -3688.0 1625.0 -3742.0 1688.0 -3742.0
11 4 35082 -2070.0 -4228.0 -2098.0 -4208.5 -2070.0 -4189.0 -2042.0 -4208.5
11 3 48950 90.0 909.0 2555.0
11 3 1905 73.0 2706.0 -3338.0
11 1 19429 -3226.0 -141.0 -3155.0 -47.0
11 2 31666 3964.0 -1496.0 3959.0 -1585.0 3989.0 -1585.0
11 3 44262 94.0 -3123.0 3964.0
11 2 91664 2952.0 -1490.0 2870.0 -1532.0 2952.0 -1532.0
11 4 40151 1359.0 -218.0 1339.0 -172.5 1359.0 -127.0 1379.0 -172.5
11 2 45256 1640.0 4525.0 1579.0 4466.0 1649.0 4466.0
11 2 37880 -4075.0 -3273.0 -4078.0 -3342.0 -4017.0 -3342.0
11 2 28266 -1055.0 3499.0 -1066.0 3445.0 -974.0 3445.0
11 1 58934 -4836.0 -1391.0 -4815.0 -1309.0
11 4 68285 3241.0 3726.0 3239.0 3743.5 3241.0 3761.0 3243.0 3743.5
11 1 90420 -3218.0 -1864.0 -3146.0 -1827.0
11 4 88624 889.5 -574.0 861.0 -561.5 889.5 -549.0 918.0 -561.5
11 4 58783 -4518.0 -4544.0 -4568.0 -4519.5 -4518.0 -4495.0 -4468.0 -4519.5
11 3 84735 42.0 -3910.0 110.0
11 2 27688 -1151.0 1013.0 -1159.0 942.0 -1138.0 942.0
11 3 76188 1.0 -1984.0 2428.0
11 3 96883 82.0 3149.0 3950.0
11 1 15000 -3656.0 3302.0 -3648.0 3331.0
11 1 26449 2163.0 969.0 2221.0 1048.0
11 2 96879 -4643.0 4836.0 -4660.0 4832.0 -4566.0 4832.0
11 1 28010 3711.0 2336.0 3736.0 2429.0
11 4 97273 -116.5 -2245.0 -161.0 -2207.0 -116.5 -2169.0 -72.0 -2207.0
11 2 84766 -4922.0 4856.0 -4933.0 4773.0 -4916.0 4773.0
11 4 26394 -1150.5 1764.0 -1196.0 1767.5 -1150.5 1771.0 -1105.0 1767.5
11 3 60015 78.0 4552.0 1621.0
11 4 39004 -912.0 1311.0 -957.0 1349.5 -912.0 1388.0 -867.0 1349.5
11 3 81257 77.0 4372.0 -606.0
11 4 47454 3620.5 -4780.0 3577.0 -4741.5 3620.5 -4703.0 3664.0 -4741.5
11 3 16942 49.0 -4249.0 1995.0
11 1 91752 -4779.0 2995.0 -4769.0 3066.0
11 3 98994 90.0 -1447.0 -2769.0
11 2 49809 -1709.0 3777.0 -1790.0 3733.0 -1699.0 3733.0
11 4 76741 3118.0 4381.0 3072.0 4419.5 3118.0 4458.0 3164.0 4419.5
11 2 98061 4062.0 4232.0 4011.0 4224.0 4112.0 4224.0
11 1 99619 -3871.0 3691.0 -3867.0 3772.0
11 3 82475 68.0 -677.0 -2760.0
11 4 3281 1517.0 -3047.0 1494.0 -3037.0 1517.0 -3027.0 1540.0 -3037.0
11 4 53012 -4166.5 1538.0 -4213.0 1542.5 -4166.5 1547.0 -4120.0 1542.5
11 1 89234 3881.0 -1870.0 3976.0 -1773.0
11 4 1259 950.5 -537.0 936.0 -502.5 950.5 -468.0 965.0 -502.5
11 4 79275 900.0 -4199.0 855.0 -4190.0 900.0 -4181.0 945.0 -4190.0
11 4 46051 -11.0 2093.0 -15.0 2138.5 -11.0 2184.0 -7.0 2138.5
11 3 99930 86.0 1446.0 4927.0
11 3 50140 89.0 -3389.0 1413.0
11 2 96006 -4017.0 -452.0 -4020.0 -523.0 -4012.0 -523.0
11 1 24967 -44.0 -4037.0 53.0 -4030.0
11 4 39183 877.5 -3790.0 838.0 -3781.5 877.5 -3773.0 917.0 -3781.5
11 3 83829 78.0 -3673.0 1371.0
11 4 96392 -1426.5 -4894.0 -1469.0 -4872.5 -1426.5 -4851.0 -1384.0 -4872.5
11 4 56100 3167.5 -4811.0 3166.0 -4809.0 3167.5 -4807.0 3169.0 -4809.0
11 4 84833 -4442.0 -309.0 -4469.0 -289.5 -4442.0 -270.0 -4415.0 -289.5
11 2 26845 3903.0 -4915.0 3880.0 -4958.0 3922.0 -4958.0
11 1 95008 4524.0 641.0 4559.0 735.0
11 1 83797 1392.0 4934.0 1411.0 4992.0
11 2 83634 -1421.0 4550.0 -1433.0 4511.0 -1409.0 4511.0
11 3 62694 31.0 4434.0 -3151.0
11 2 3688 -373.0 4020.0 -446.0 4003.0 -363.0 4003.0
11 1 45880 -4736.0 -1880.0 -4682.0 -1783.0
11 2 4048 1028.0 4989.0 1013.0 4936.0 1054.0 4936.0
11 2 54073 -558.0 -1719.0 -590.0 -1721.0 -540.0 -1721.0
11 2 24172 1108.0 -4207.0 1096.0 -4211.0 1112.0 -4211.0
11 2 27325 -2932.0 772.0 -3000.0 703.0 -2929.0 703.0
11 3 27883 78.0 2201.0 1663.0
11 3 21187 10.0 -1473.0 1411.0
11 4 40271 -2408.0 1665.0 -2451.0 1678.5 -2408.0 1692.0 -2365.0 1678.5
11 3 72372 73.0 -247.0 2911.0
11 4 49724 761.5 -1088.0 757.0 -1049.0 761.5 -1010.0 766.0 -1049.0
11 3 24755 100.0 1502.0 4750.0
11 4 71485 -1553.0 -4127.0 -1570.0 -4092.5 -1553.0 -4058.0 -1536.0 -4092.5
11 4 8517 -3800.5 1428.0 -3815.0 1476.0 -3800.5 1524.0 -3786.0 1476.0
11 3 16583 24.0 4847.0 2073.0
11 4 8109 2831.0 3260.0 2818.0 3269.0 2831.0 3278.0 2844.0 3269.0
11 3 36095 43.0 -1369.0 110.0
11 2 51948 3925.0 -3102.0 3872.0 -3172.0 3934.0 -3172.0
11 4 15749 3243.5 3373.0 3217.0 3375.0 3243.5 3377.0 3270.0 3375.0
11 3 56671 38.0 1190.0 -3275.0
11 4 85721 -3678.0 4343.0 -3696.0 4390.0 -3678.0 4437.0 -3660.0 4390.0
11 1 60456 2099.0 -4247.0 2107.0 -4165.0
11 3 74342 56.0 -3119.0 3247.0
11 1 13736 3501.0 3863.0 3507.0 3944.0
11 2 2876 2777.0 149.0 2758.0 145.0 2790.0 145.0
11 4 44857 -787.0 2049.0 -803.0 2074.0 -787.0 2099.0 -771.0 2074.0
11 2 72996 1886.0 -4403.0 1864.0 -4494.0 1898.0 -4494.0
11 1 22163 747.0 194.0 792.0 206.0
11 1 79966 -2968.0 3441.0 -2956.0 3468.0
11 3 34646 78.0 -1430.0 788.0
11 4 98749 2915.5 -470.0 2885.0 -442.5 2915.5 -415.0 2946.0 -442.5
11 3 56228 49.0 4102.0 2846.0
11 3 52506 81.0 1327.0 -206.0
11 2 1756 2010.0 -1075.0 2007.0 -1121.0 2010.0 -1121.0
11 3 20752 51.0 3491.0 4365.0
11 4 6209 534.5 496.0 525.0 536.0 534.5 576.0 544.0 536.0
11 4 43509 3981.0 1433.0 3946.0 1476.5 3981.0 1520.0 4016.0 1476.5
11 2 66512 3163.0 -1228.0 3117.0 -1252.0 3170.0 -1252.0
11 1 56625 -4005.0 3945.0 -3943.0 3999.0
11 3 96990 55.0 3039.0 -4502.0
11 3 4449 67.0 2096.0 3813.0
11 3 37926 16.0 -1402.0 3966.0
11 3 78517 27.0 -4450.0 3451.0
11 3 86856 58.0 -3085.0 3817.0
11 2 51534 4129.0 333.0 4115.0 326.0 4144.0 326.0
11 3 1840 55.0 1008.0 2862.0
11 2 1491 4864.0 -1479.0 4825.0 -1521.0 4886.0 -1521.0
11 1 26039 -151.0 4270.0 -86.0 4323.0
11 4 74577 -3269.5 -4000.0 -3305.0 -3963.5 -3269.5 -3927.0 -3234.0 -3963.5
11 3 22218 25.0 1331.0 731.0
11 3 30436 91.0 4449.0 -1380.0
11 2 14837 2671.0 2437.0 2655.0 2343.0 2690.0 2343.0
11 2 92105 -205.0 652.0 -233.0 582.0 -193.0 582.0
11 4 91897 3675.0 -1819.0 3660.0 -1804.0 3675.0 -1789.0 3690.0 -1804.0
11 4 50144 -3986.0 4965.0 -3996.0 4976.5 -3986.0 4988.0 -3976.0 4976.5
11 3 52713 23.0 925.0 2273.0
11 3 40744 99.0 2663.0 -3185.0
11 1 43433 1331.0 775.0 1404.0 817.0
11 2 29074 4726.0 -611.0 4663.0 -696.0 4737.0 -696.0
11 1 40841 3624.0 693.0 3665.0 785.0
11 1 27613 1569.0 157.0 1661.0 255.0
11 4 22375 -738.5 2837.0 -774.0 2879.5 -738.5 2922.0 -703.0 2879.5
11 3 1963 91.0 -4284.0 -3798.0
11 1 93949 1487.0 1684.0 1495.0 1687.0
11 3 3647 40.0 3656.0 -2046.0
11 1 69981 2717.0 2600.0 2739.0 2610.0
11 2 74037 -2105.0 4404.0 -2141.0 4304.0 -2047.0 4304.0
11 3 79638 60.0 -331.0 910.0
11 2 60228 3650.0 -1362.0 3647.0 -1380.0 3655.0 -1380.0
11 1 55106 3.0 -2330.0 84.0 -2260.0
11 2 9072 1628.0 -2317.0 1605.0 -2369.0 1679.0 -2369.0
11 2 66142 -4121.0 889.0 -4143.0 880.0 -4121.0 880.0
11 3 45164 95.0 -1713.0 4326.0
11 3 29294 61.0 -856.0 -901.0
11 4 78427 -443.0 -2377.0 -478.0 -2363.5 -443.0 -2350.0 -408.0 -2363.5
11 2 34313 -4807.0 1637.0 -4830.0 1633.0 -4736.0 1633.0
11 3 17040 42.0 -1646.0 4372.0
11 2 40534 1111.0 -3776.0 1109.0 -3798.0 1135.0 -3798.0
11 3 29803 52.0 -2494.0 -2617.0
11 2 17081 -2529.0 -3911.0 -2542.0 -3919.0 -2506.0 -3919.0
11 2 63673 -4717.0 -4251.0 -4771.0 -4344.0 -4709.0 -4344.0
11 1 20373 -3778.0 -3302.0 -3682.0 -3235.0
11 1 60909 2368.0 2529.0 2390.0 2549.0
11 3 75524 30.0 1713.0 -4240.0
11 2 63085 996.0 3317.0 946.0 3295.0 1029.0 3295.0
11 2 87141 1254.0 -1362.0 1243.0 -1459.0 1302.0 -1459.0
11 3 6643 25.0 -2792.0 -3979.0
11 3 2449 42.0 -3541.0 -4948.0
11 3 49853 86.0 205.0 1538.0
11 2 5673 4402.0 -2946.0 4368.0 -3007.0 4436.0 -3007.0
11 2 62337 -500.0 3923.0 -556.0 3861.0 -474.0 3861.0
11 1 99975 4487.0 -4159.0 4525.0 -4149.0
11 1 5657 3967.0 -330.0 3997.0 -299.0
11 2 33669 1937.0 -1636.0 1929.0 -1645.0 1938.0 -1645.0
11 1 59430 4914.0 740.0 4979.0 787.0
11 1 77103 -1311.0 -3626.0 -1247.0 -3558.0
11 3 59011 33.0 -2208.0 -1664.0
11 3 47028 52.0 -7.0 4497.0
11 3 37463 57.0 2071.0 1368.0
11 2 12701 2611.0 -3458.0 2610.0 -3529.0 2673.0 -3529.0
11 4 63342 302.0 2373.0 273.0 2392.5 302.0 2412.0 331.0 2392.5
11 2 3208 -4119.0 -2771.0 -4124.0 -2786.0 -4108.0 -2786.0
11 2 74243 -1949.0 4810.0 -1951.0 4710.0 -1948.0 4710.0
33 -4304 -3596
22 3688
44 3 78.0 -3142.0 3917.0
22 11134
33 -2756 -4753
22 32867
44 4 -334.0 -4640.0 -345.0 -4626.0 -334.0 -4612.0 -323.0 -4626.0
44 1 1876.0 -4197.0 1899.0 -4147.0
33 -2142 117
44 4 1892.5 -148.0 1884.0 -141.0 1892.5 -134.0 1901.0 -141.0
33 3297 1452
33 -2645 -3003
44 2 -1685.0 -1995.0 -1692.0 -2072.0 -1613.0 -2072.0
33 -3958 -3359
33 475 -1100
33 -2637 -4377
33 -1372 -3585
33 764 -3025
22 5141
33 -3338 1890
22 96619
33 -203 -3354
22 27500
44 3 46.0 3090.0 -2647.0
33 2588 -93
44 1 2055.0 1810.0 2057.0 1849.0
33 2198 2877
44 2 -1705.0 28.0 -1771.0 -45.0 -1670.0 -45.0
44 1 4100.0 -4433.0 4198.0 -4357.0
44 4 -1770.5 -2378.0 -1788.0 -2369.0 -1770.5 -2360.0 -1753.0 -2369.0
44 2 3828.0 -2341.0 3815.0 -2355.0 3829.0 -2355.0
33 -4616 -2925
22 25297
33 4746 -1269
33 3503 4188
44 2 3094.0 -4357.0 3080.0 -4415.0 3104.0 -4415.0
44 4 961.5 3593.0 920.0 3612.0 961.5 3631.0 1003.0 3612.0
33 1732 -3010
33 3839 -1124
33 -3343 2265
33 -2709 -2124
11 1 79422 3187.0 -611.0 3243.0 -603.0
33 4538 -868
44 3 87.0 -3546.0 2627.0
44 4 1614.5 -4588.0 1582.0 -4545.0 1614.5 -4502.0 1647.0 -4545.0
22 92596
33 2731 3302
44 2 -2774.0 1080.0 -2825.0 1040.0 -2768.0 1040.0
11 3 69623 53.0 -3352.0 -369.0
33 -3171 -138
44 2 500.0 1566.0 487.0 1466.0 535.0 1466.0
33 -3767 1036
33 1805 2274
33 4681 -2060
33 -1086 4688
33 2459 -3230
33 -1196 -2828
33 -2462 3205
33 1944 773
33 4939 4649
44 2 2766.0 4266.0 2730.0 4172.0 2774.0 4172.0
33 -3233 1217
33 -1067 -4099
33 -1478 60
33 -3319 -2946
33 -3395 -3038
33 -1233 -2361
44 4 4890.0 4520.0 4844.0 4524.5 4890.0 4529.0 4936.0 4524.5
22 88018
33 3499 4812
33 -3863 -3099
44 4 -4706.0 -3135.0 -4707.0 -3120.5 -4706.0 -3106.0 -4705.0 -3120.5
33 974 3167
22 28666
33 1305 -883
33 2480 -667
22 96990
33 2957 2955
33 -984 4050
44 4 -1260.5 -4316.0 -1283.0 -4286.0 -1260.5 -4256.0 -1238.0 -4286.0
33 -1843 3463
44 4 3865.0 1584.0 3828.0 1590.5 3865.0 1597.0 3902.0 1590.5
33 -1983 -1260
33 1596 1571
33 -1093 1255
33 2451 -2714
44 4 -3342.0 -3804.0 -3344.0 -3764.5 -3342.0 -3725.0 -3340.0 -3764.5
33 -2161 -2161
44 2 -4475.0 -2915.0 -4496.0 -2984.0 -4461.0 -2984.0
33 -3598 80
33 -901 -4820
33 2177 1138
22 65303
33 -2598 3776
33 3356 -773
44 1 -1576.0 -2221.0 -1484.0 -2200.0
33 3134 3702
33 4335 -2140
33 -2897 -3857
33 957 4065
33 -168 30
33 3430 1991
44 4 419.0 1695.0 383.0 1742.0 419.0 1789.0 455.0 1742.0
33 3122 -1551
33 -187 -1430
22 25435
33 3241 1405
44 1 -3592.0 -4122.0 -3570.0 -4060.0
33 -3378 4586
33 775 -1780
44 2 591.0 705.0 578.0 656.0 611.0 656.0
33 -931 1142
22 29929
33 -3114 -1728
44 2 -1932.0 -540.0 -1956.0 -568.0 -1912.0 -568.0
33 2273 -971
33 -1527 4628
33 -1000 4162
33 4586 -657
44 3 28.0 3386.0 3522.0
44 3 29.0 1234.0 -2555.0
44 4 -1638.0 1321.0 -1675.0 1328.5 -1638.0 1336.0 -1601.0 1328.5
11 4 67134 969.0 -3859.0 948.0 -3839.0 969.0 -3819.0 990.0 -3839.0
33 -1084 -2204
33 -1761 1472
22 62279
33 4612 -438
33 1062 1409
33 -4823 -4583
33 4779 2999
33 839 2719
33 3877 -3265
22 89969
44 4 -462.5 -1412.0 -467.0 -1393.5 -462.5 -1375.0 -458.0 -1393.5
44 2 3182.0 -2022.0 3158.0 -2122.0 3187.0 -2122.0
33 3402 321
33 4427 -1494
44 3 97.0 -4610.0 20.0
33 -3992 -3576
33 1624 -459
11 2 65446 -2297.0 4360.0 -2331.0 4262.0 -2255.0 4262.0
22 82475
44 3 54.0 -2246.0 -3433.0
33 -1776 4333
44 4 1150.5 2458.0 1143.0 2465.5 1150.5 2473.0 1158.0 2465.5
44 1 2213.0 4685.0 2256.0 4753.0
33 3944 -1559
33 -3164 2180
33 -1989 1897
33 -4207 -2379
33 -4035 -1450
44 1 -4896.0 -2237.0 -4842.0 -2184.0
44 1 2666.0 -3329.0 2710.0 -3281.0
11 2 84609 -4572.0 586.0 -4585.0 527.0 -4559.0 527.0
33 -2162 4206
44 1 -2815.0 2688.0 -2812.0 2751.0
44 4 -2550.5 -794.0 -2598.0 -783.0 -2550.5 -772.0 -2503.0 -783.0
33 4411 1211
33 1009 2910
44 4 -907.0 4687.0 -939.0 4727.5 -907.0 4768.0 -875.0 4727.5
22 48950
11 4 67037 4644.0 3156.0 4636.0 3189.5 4644.0 3223.0 4652.0 3189.5
33 3320 -1442
22 85571
11 1 18982 4284.0 -3706.0 4331.0 -3667.0
33 -3320 1740
33 -911 4290
11 2 33945 4370.0 -3749.0 4364.0 -3799.0 4408.0 -3799.0
33 4922 302
22 83583
44 4 2656.5 -2168.0 2629.0 -2138.0 2656.5 -2108.0 2684.0 -2138.0
44 1 1108.0 -767.0 1129.0 -667.0
33 4513 -151
11 3 59724 97.0 3283.0 -2427.0
22 64214
33 -3235 -781
33 1391 4036
33 2010 -361
22 29047
33 -3260 4399
33 -15 -1206
33 4101 1407
44 2 -4025.0 3300.0 -4035.0 3213.0 -3954.0 3213.0
33 -3471 1808
22 97823
33 4469 -2138
33 1910 -1531
33 4558 628
33 3676 1946
22 19028
33 -1439 3262
33 565 -2813
33 -877 2681
33 -1899 -4867
44 4 2999.5 -2802.0 2994.0 -2753.0 2999.5 -2704.0 3005.0 -2753.0
33 -2847 -1800
33 1261 1236
33 -3535 3903
33 -843 1377
44 3 48.0 -2949.0 -3606.0
22 8404
33 -2269 1711
44 4 2683.0 -1378.0 2634.0 -1328.5 2683.0 -1279.0 2732.0 -1328.5
44 4 -3013.0 1257.0 -3040.0 1304.0 -3013.0 1351.0 -2986.0 1304.0
33 1855 -2998
33 4647 3670
44 1 -4800.0 -67.0 -4730.0 15.0
44 3 82.0 3799.0 4526.0
33 -2612 -399
44 3 93.0 -3301.0 4501.0
33 -2185 1626
33 -774 132
33 4743 -1945
33 -1914 -2794
33 -3569 933
33 -2395 -1811
33 2706 -501
22 26039
33 -1846 -2039
11 2 80198 221.0 2648.0 132.0 2609.0 232.0 2609.0
33 2761 -16
33 -2003 3814
44 1 -1112.0 -58.0 -1019.0 -4.0
11 4 82599 1480.5 -1305.0 1450.0 -1291.0 1480.5 -1277.0 1511.0 -1291.0
11 4 80285 -2215.0 -4591.0 -2239.0 -4563.0 -2215.0 -4535.0 -2191.0 -4563.0
33 -2890 2832
33 -3680 -84
33 -2528 -3035
44 4 -3026.0 1793.0 -3042.0 1803.5 -3026.0 1814.0 -3010.0 1803.5
33 3144 1440
22 45345
33 -4127 -618
33 3755 -12
44 2 -4223.0 -4805.0 -4229.0 -4886.0 -4209.0 -4886.0
44 3 7.0 4263.0 -546.0
11 1 1178 66.0 1483.0 137.0 1489.0
44 4 181.0 -4616.0 157.0 -4583.0 181.0 -4550.0 205.0 -4583.0
33 818 1611
33 -4554 -2982
33 146 -2845
22 74790
33 -4801 -3647
33 4676 -1556
33 -328 1744
33 -1581 -483
11 1 76862 -1289.0 -3518.0 -1226.0 -3468.0
33 3225 -4084
33 -4831 1362
33 3380 149
33 2091 3162
33 -9 -3210
33 -4056 -4578
33 -2837 -2059
33 -2746 -721
33 -2914 -121
33 -745 3717
33 2787 4909
33 2027 -4083
44 1 -4142.0 -1402.0 -4131.0 -1346.0
33 345 -2430
33 -4663 -3994
44 1 -4551.0 -4723.0 -4550.0 -4694.0
11 3 45755 27.0 -876.0 -2362.0
22 22072
33 -1013 -2328
33 2765 4328
33 3858 -2669
33 -545 -1571
33 2200 1592
33 -2347 3957
33 2329 -1029
11 1 7746 1126.0 -1903.0 1186.0 -1897.0
33 3927 2965
33 -2755 1642
33 2859 1669
11 2 5542 3381.0 -72.0 3374.0 -135.0 3428.0 -135.0
44 4 -4297.0 -2238.0 -4339.0 -2204.5 -4297.0 -2171.0 -4255.0 -2204.5
11 2 31822 -4332.0 -1200.0 -4351.0 -1268.0 -4305.0 -1268.0
33 3526 -1231
33 1967 3769
22 76587
44 4 -3965.5 -1277.0 -4016.0 -1228.5 -3965.5 -1180.0 -3915.0 -1228.5
33 -4831 -689
22 30255
33 4483 1828
33 -521 732
33 -2857 794
33 -2256 -3837
33 -2236 2440
44 3 16.0 -2493.0 -3241.0
33 1742 1020
33 2932 492
11 4 50067 -810.0 1108.0 -815.0 1129.5 -810.0 1151.0 -805.0 1129.5
44 3 29.0 3221.0 -1415.0
33 1939 4524
44 1 954.0 4238.0 1012.0 4304.0
33 1882 -866
33 -71 -1342
33 1789 2825
33 -2557 -180
33 -1562 -1944
33 -220 -4204
33 -269 4300
33 -1041 -4334
33 3668 -3778
33 -232 -548
44 1 4621.0 -2453.0 4697.0 -2407.0
33 -932 2640
22 67555
33 -1108 3594
33 1329 773
22 43393
11 3 32141 80.0 -3509.0 4110.0
11 1 19100 4270.0 -3498.0 4334.0 -3452.0
44 2 -4216.0 3837.0 -4228.0 3771.0 -4166.0 3771.0
33 2030 4856
44 1 2607.0 3227.0 2674.0 3307.0
33 4630 -2052
33 4634 -2095
44 4 -2392.0 230.0 -2434.0 264.5 -2392.0 299.0 -2350.0 264.5
33 3827 -1295
33 1524 -1943
33 4974 399
33 -1081 -3060
33 1048 -4111
33 -1989 3562
22 53627
33 31 4667
22 26467
33 -1572 -2027
33 -2522 1025
22 31647
33 2280 -2462
44 1 -93.0 -1465.0 -72.0 -1439.0
33 3896 3629
33 -3331 -581
22 32767
33 3983 1721
33 -4772 -2874
44 4 740.0 -2735.0 735.0 -2732.5 740.0 -2730.0 745.0 -2732.5
33 -2519 -4605
33 -1917 -1393
11 2 65029 3946.0 4765.0 3945.0 4672.0 3971.0 4672.0
33 -4523 4079
11 3 69506 50.0 2102.0 -4110.0
44 3 46.0 3442.0 4098.0
33 -3122 -4590
33 4518 4957
33 -143 4059
22 272
33 -2661 1511
44 1 4061.0 -2557.0 4149.0 -2512.0
33 -4338 -4128
33 3774 -1541
33 756 -1304
11 1 27058 -3975.0 -722.0 -3959.0 -721.0
33 -625 -4160
33 -4074 3402
33 220 -3794
33 -4087 1122
33 276 2773
33 1338 3403
33 -1068 -2313
44 4 2919.5 -2218.0 2888.0 -2183.0 2919.5 -2148.0 2951.0 -2183.0
22 84766
33 620 1591
33 -2597 -928
33 -3546 4866
33 -3975 156
33 4945 -2170
33 86 -4235
44 4 566.0 1111.0 555.0 1125.0 566.0 1139.0 577.0 1125.0
33 -3167 -2204
11 3 75893 85.0 648.0 4176.0
33 -969 1656
44 3 97.0 953.0 3869.0
33 -3801 -224
33 -4034 470
33 1783 926
33 -3569 -1882
44 2 4015.0 4759.0 4003.0 4693.0 4089.0 4693.0
33 -3665 -2644
33 3750 -130
44 3 9.0 -2062.0 2512.0
33 -1586 -2933
33 4053 -4072
22 33669
33 751 4644
11 4 49056 851.0 2699.0 824.0 2710.0 851.0 2721.0 878.0 2710.0
44 1 -1695.0 2023.0 -1596.0 2098.0
11 3 92781 60.0 -3459.0 -1388.0
33 2700 1573
33 -641 3631
44 4 -338.0 -1717.0 -355.0 -1703.0 -338.0 -1689.0 -321.0 -1703.0
33 4026 -4259
11 2 25640 -1099.0 3265.0 -1116.0 3243.0 -1055.0 3243.0
33 4736 -1196
33 3536 986
33 -2890 2749
33 -3603 424
33 1652 -529
33 -566 -4835
33 -519 -2234
33 4904 4500
33 -4247 4868
33 2046 -3824
33 4612 3257
11 2 53267 -3452.0 -4358.0 -3499.0 -4450.0 -3432.0 -4450.0
33 127 -1289
22 3647
44 1 -4746.0 -2740.0 -4737.0 -2643.0
33 -3357 4865
33 -4236 2404
44 3 3.0 4659.0 -4007.0
33 3977 4478
33 4899 2072
33 4509 1261
33 3498 -4292
33 930 2982
22 27946
33 -1664 -306
33 354 4541
33 -1167 -248
22 7746
33 4913 4019
33 1922 4925
11 2 28255 -4717.0 -1813.0 -4720.0 -1814.0 -4689.0 -1814.0
44 4 2459.0 1565.0 2422.0 1582.0 2459.0 1599.0 2496.0 1582.0
33 -3331 3448
33 -3611 4135
44 2 -374.0 -384.0 -389.0 -478.0 -341.0 -478.0
33 4416 3071
33 -1408 4883
22 84200
33 -267 -4295
33 631 1847
22 98934
33 -2700 711
44 1 1855.0 4739.0 1873.0 4752.0
44 4 -120.5 2928.0 -145.0 2945.5 -120.5 2963.0 -96.0 2945.5
33 -3902 -4760
44 2 3673.0 -4320.0 3657.0 -4360.0 3720.0 -4360.0
33 2544 3961
44 3 93.0 -2527.0 705.0
33 -2929 -650
33 -2564 -4005
33 -1850 3871
33 -1067 2562
33 -4606 155
33 3102 1726
44 3 43.0 -2647.0 97.0
33 -4784 -4242
33 -1846 -1212
33 160 594
11 3 26756 79.0 3702.0 -2534.0
33 -4644 -771
33 -4824 -172
33 2387 3930
22 90024
33 -4377 3011
33 -70 -4792
33 -649 1441
44 2 -2258.0 4992.0 -2296.0 4987.0 -2242.0 4987.0
22 24224
11 4 87708 1360.0 -4100.0 1350.0 -4087.5 1360.0 -4075.0 1370.0 -4087.5
33 -524 -3306
22 91752
33 -2098 959
33 3556 4883
44 2 932.0 -4056.0 916.0 -4079.0 951.0 -4079.0
33 -2609 3943
33 4059 3654
33 -646 3547
33 -2593 -2103
22 49261
33 -3134 -3358
33 2683 4515
22 14857
44 3 67.0 -2408.0 -1109.0
33 2301 -76
33 -1682 968
22 96573
33 -4472 1622
33 3336 1657
44 4 3629.0 -1464.0 3606.0 -1448.5 3629.0 -1433.0 3652.0 -1448.5
33 1510 4594
11 4 95624 408.5 3847.0 400.0 3854.5 408.5 3862.0 417.0 3854.5
11 4 60735 -500.5 -1056.0 -546.0 -1017.0 -500.5 -978.0 -455.0 -1017.0
33 -2777 -4382
33 2804 452
33 848 -1209
44 4 -4584.0 -4158.0 -4589.0 -4110.5 -4584.0 -4063.0 -4579.0 -4110.5
44 4 -2247.0 250.0 -2295.0 300.5 -2247.0 351.0 -2199.0 300.5
22 49724
22 7269
22 27883
11 2 50612 -3175.0 -414.0 -3182.0 -503.0 -3170.0 -503.0
33 4484 -3579
33 2837 -3871
33 902 3329
33 -4378 -2392
22 66634
33 -1187 -2885
33 -416 -574
33 2780 3263
22 17104
44 1 -66.0 87.0 -3.0 145.0
44 2 3590.0 4889.0 3588.0 4843.0 3590.0 4843.0
33 4240 -3708
33 228 3640
33 -4453 2606
44 1 -2609.0 -1592.0 -2525.0 -1563.0
44 3 4.0 4172.0 2762.0
33 2039 1689
33 -922 -3848
33 -3685 -876
33 -1516 1292
22 35790
33 99 -2875
33 867 -2426
33 -3706 2240
33 4639 -2655
33 -2028 4190
33 -3267 3820
44 1 -1139.0 -4652.0 -1136.0 -4643.0
33 -4198 242
33 -4880 2002
33 2942 -2777
33 2560 772
33 -2724 -117
22 42831
33 2150 866
44 3 24.0 -4821.0 3981.0
33 3846 4644
33 4777 -2138
44 2 -2533.0 4994.0 -2534.0 4981.0 -2532.0 4981.0
11 1 96665 -3229.0 1125.0 -3210.0 1206.0
33 2807 -1672
33 -2625 -3573
33 -913 -2295
33 -45 3883
11 2 48155 -3583.0 -4235.0 -3602.0 -4267.0 -3551.0 -4267.0
22 27973
33 -4350 815
33 -4213 -2959
33 -1938 3309
11 3 36881 43.0 -1312.0 -2056.0
33 -281 4690
33 4041 -3255
33 -673 134
33 2388 -2730
33 -701 3205
33 -3694 4610
11 3 51434 65.0 4811.0 -4768.0
33 -1349 -1960
33 4014 -3206
33 4765 -3348
33 -673 -3315
33 1167 3134
33 -3609 1392
44 4 1536.5 -4677.0 1519.0 -4638.0 1536.5 -4599.0 1554.0 -4638.0
33 -885 2241
33 531 -1687
44 1 4265.0 -3878.0 4305.0 -3863.0
33 -3368 -2817
11 4 57712 -3873.0 449.0 -3895.0 477.5 -3873.0 506.0 -3851.0 477.5
33 1154 -4152
11 4 74797 -4045.5 4860.0 -4052.0 4886.5 -4045.5 4913.0 -4039.0 4886.5
33 -4795 1854
33 -1029 3353
11 4 62541 -4607.5 -2667.0 -4653.0 -2630.5 -4607.5 -2594.0 -4562.0 -2630.5
33 -3445 -3565
33 -2197 4884
33 3877 -3599
33 2221 382
44 4 -164.0 2057.0 -189.0 2070.0 -164.0 2083.0 -139.0 2070.0
44 2 -1856.0 -3146.0 -1875.0 -3168.0 -1820.0 -3168.0
33 3977 2637
44 3 34.0 2229.0 -1114.0
33 -2883 1148
44 4 1412.5 -4668.0 1399.0 -4653.5 1412.5 -4639.0 1426.0 -4653.5
22 74295
33 1759 -4092
33 2053 2010
22 8260
33 2992 1565
44 3 2.0 -4916.0 1480.0
11 1 17651 -3672.0 -2244.0 -3608.0 -2202.0
33 -418 1300
22 14847
33 -811 2530
22 91000
11 2 76982 812.0 830.0 782.0 753.0 812.0 753.0
33 2603 -3373
44 4 658.5 1503.0 654.0 1539.0 658.5 1575.0 663.0 1539.0
33 -2173 4286
22 90420
33 4012 3669
44 3 17.0 2646.0 -681.0
33 3723 1007
44 3 82.0 -3895.0 2737.0
44 3 40.0 -4327.0 -4127.0
33 2353 4067
44 4 2377.5 -773.0 2337.0 -729.5 2377.5 -686.0 2418.0 -729.5
33 -876 -2656
33 -1364 -4343
33 1613 -2818
11 1 18244 -2434.0 1399.0 -2431.0 1402.0
33 -2272 141
33 -2047 -1712
33 -4724 -2766
44 1 -1036.0 -2514.0 -993.0 -2431.0
33 -2431 -1765
33 1451 1076
33 -1124 661
33 2606 -2594
33 -1322 3914
44 4 -1015.0 3382.0 -1048.0 3400.5 -1015.0 3419.0 -982.0 3400.5
22 30186
33 4051 2307
33 -3902 1873
11 4 24127 -1363.0 -4530.0 -1371.0 -4496.0 -1363.0 -4462.0 -1355.0 -4496.0
44 1 2620.0 -1640.0 2658.0 -1624.0
11 2 33461 -3693.0 1258.0 -3696.0 1214.0 -3687.0 1214.0
22 63521
11 2 86381 4325.0 -4905.0 4323.0 -4963.0 4330.0 -4963.0
33 -817 -1267
33 -67 -1974
33 4772 3368
22 1756
33 2563 1383
33 2488 -903
33 -999 346
33 2953 -4265
22 98391
33 4255 -3421
44 3 93.0 -1965.0 3473.0
22 95924
33 -822 2022
33 -2342 20
11 1 4268 -4844.0 -345.0 -4756.0 -305.0
33 -3017 -232
33 -4303 -2784
44 4 -2036.0 3211.0 -2052.0 3249.0 -2036.0 3287.0 -2020.0 3249.0
33 1306 4112
33 1208 -2463
11 3 51301 39.0 4554.0 3425.0
33 -130 3037
33 -2781 -1207
33 1349 3744
44 3 37.0 -2566.0 2525.0
33 -3256 -1091
11 4 92569 990.5 1732.0 940.0 1781.5 990.5 1831.0 1041.0 1781.5
44 4 3977.0 1492.0 3974.0 1529.0 3977.0 1566.0 3980.0 1529.0
11 1 71846 -4678.0 1715.0 -4592.0 1794.0
33 519 -2140
33 -1757 -486
33 -3353 1556
11 3 36542 97.0 2331.0 950.0
33 3779 -2841
33 -4886 -932
44 3 86.0 -1294.0 218.0
33 -3612 -2999
33 -3195 -4462
33 235 4090
33 4952 1100
33 1846 562
33 2198 -726
44 4 -972.5 -396.0 -981.0 -380.0 -972.5 -364.0 -964.0 -380.0
33 -4380 3282
33 3222 4129
22 70275
33 -151 -3318
33 -1156 2372
44 2 1423.0 -1521.0 1390.0 -1570.0 1468.0 -1570.0
44 4 3017.5 -2265.0 3007.0 -2250.5 3017.5 -2236.0 3028.0 -2250.5
33 885 -4929
33 -4917 -627
11 4 63200 -4306.5 4859.0 -4328.0 4890.5 -4306.5 4922.0 -4285.0 4890.5
33 4368 -2974
44 4 4396.0 -251.0 4346.0 -236.5 4396.0 -222.0 4446.0 -236.5
33 -3526 615
22 9247
44 1 2789.0 3436.0 2791.0 3458.0
44 3 74.0 3341.0 1124.0
33 -911 302
44 3 71.0 4591.0 -422.0
33 -4126 4142
33 -1220 -1616
33 -827 -860
44 2 -3670.0 -4848.0 -3731.0 -4944.0 -3665.0 -4944.0
33 1704 -2620
33 -2743 2713
33 551 2542
33 2022 -1409
33 -4687 3428
44 3 58.0 -4164.0 -4110.0
44 2 -3188.0 4557.0 -3219.0 4497.0 -3157.0 4497.0
33 2942 -3049
33 -2473 1405
11 1 83683 3959.0 -3225.0 4038.0 -3145.0
33 -4698 -1122
33 -2693 1637
33 1774 1751
44 4 -3668.0 3946.0 -3710.0 3988.5 -3668.0 4031.0 -3626.0 3988.5
22 3524
22 6413
33 -438 -3875
33 -2885 -4267
44 4 -4979.5 107.0 -4982.0 139.5 -4979.5 172.0 -4977.0 139.5
44 3 3.0 2374.0 -3983.0
33 -3024 -4312
33 -2863 -4734
33 -272 -3640
33 -3137 -4595
22 52097
33 1265 3631
22 36708
33 -398 -1950
33 4827 4687
33 -3946 1726
33 -228 4662
33 3891 -3054
22 11027
44 1 2038.0 -129.0 2105.0 -60.0
33 -3448 -121
44 3 62.0 3070.0 3814.0
33 1302 2568
33 -2163 -2321
33 4148 4398
22 4961
33 822 816
33 -4566 4222
44 3 74.0 -1802.0 36.0
44 4 -4296.5 4529.0 -4347.0 4576.5 -4296.5 4624.0 -4246.0 4576.5
44 1 -1721.0 -369.0 -1641.0 -291.0
33 730 1437
33 1749 3977
44 2 -4070.0 -793.0 -4123.0 -835.0 -4057.0 -835.0
44 4 883.0 2442.0 846.0 2488.5 883.0 2535.0 920.0 2488.5
33 4401 3921
44 4 4175.5 196.0 4167.0 197.5 4175.5 199.0 4184.0 197.5
33 -1436 3901
33 1501 4657
44 2 -2385.0 -4709.0 -2398.0 -4769.0 -2297.0 -4769.0
33 2005 -4511
22 54910
33 4680 -1022
33 1708 2548
33 2518 -4551
22 60543
33 4431 -2534
11 2 25721 4346.0 2212.0 4341.0 2128.0 4386.0 2128.0
22 87275
33 -4638 961
33 4779 1555
33 -1759 1010
44 4 -4883.5 4833.0 -4894.0 4867.0 -4883.5 4901.0 -4873.0 4867.0
33 -2267 4928
44 3 89.0 3969.0 3493.0
44 2 -4900.0 -765.0 -4910.0 -770.0 -4824.0 -770.0
33 3749 -2197
44 3 18.0 3002.0 4076.0
33 -3503 2999
44 3 27.0 -4170.0 4464.0
11 3 81629 78.0 49.0 2125.0
33 -4617 4129
11 2 19988 2562.0 -3068.0 2544.0 -3129.0 2568.0 -3129.0
44 3 98.0 -1732.0 -3977.0
22 41243
11 4 56438 -2745.5 -3559.0 -2748.0 -3519.0 -2745.5 -3479.0 -2743.0 -3519.0
22 22729
33 1030 205
33 1678 1479
33 -2436 -3341
33 4247 -1841
44 2 2177.0 3735.0 2113.0 3659.0 2195.0 3659.0
33 4216 -1970
22 985
22 14970
33 -2671 4722
44 3 38.0 4606.0 4126.0
33 4131 158
44 4 -147.5 4758.0 -152.0 4763.5 -147.5 4769.0 -143.0 4763.5
22 29954
11 1 6450 -3100.0 -600.0 -3092.0 -559.0
33 -75 188
44 1 -3776.0 -3647.0 -3769.0 -3575.0
33 -620 1202
33 -3183 -3537
33 3340 4345
33 -4031 -841
44 1 -375.0 4877.0 -363.0 4921.0
22 23458
44 4 2404.0 4576.0 2390.0 4615.0 2404.0 4654.0 2418.0 4615.0
33 941 1760
11 4 87651 -2236.5 3037.0 -2283.0 3083.5 -2236.5 3130.0 -2190.0 3083.5
33 -3024 1251
22 96392
44 3 51.0 -1155.0 -3157.0
33 -4693 207
44 3 34.0 -2736.0 1131.0
11 4 25473 4973.0 -2403.0 4958.0 -2360.5 4973.0 -2318.0 4988.0 -2360.5
33 3034 -4379
33 4636 -4425
33 -749 1670
22 60832
44 3 14.0 636.0 -4509.0
11 1 26396 -2827.0 3681.0 -2816.0 3775.0
33 550 -3412
11 3 70518 85.0 4570.0 -3098.0
33 -152 4856
11 1 33132 4226.0 -4233.0 4293.0 -4164.0
44 2 -3765.0 4095.0 -3766.0 4000.0 -3701.0 4000.0
22 76188
22 26756
44 4 433.0 1892.0 405.0 1931.5 433.0 1971.0 461.0 1931.5
22 97621
33 -3597 592
44 2 -3873.0 -3071.0 -3891.0 -3168.0 -3826.0 -3168.0
33 -380 -4252
22 82170
33 -3400 -3437
44 3 42.0 2940.0 -1085.0
33 -1780 -4628
33 2376 -4991
44 4 3155.0 3686.0 3106.0 3700.0 3155.0 3714.0 3204.0 3700.0
33 1706 4896
44 4 909.0 -4485.0 900.0 -4461.0 909.0 -4437.0 918.0 -4461.0
33 -2407 -2019
33 1503 610
33 -4104 -1016
33 -4226 -4162
44 3 17.0 1830.0 543.0
44 1 2272.0 -1994.0 2313.0 -1977.0
33 1246 -3932
33 769 -1981
22 18899
33 -4600 -3103
44 2 3548.0 -2010.0 3524.0 -2099.0 3590.0 -2099.0
33 4345 2698
33 -1880 -3418
33 2057 4445
33 4759 -4314
11 2 49745 2711.0 -2036.0 2651.0 -2068.0 2734.0 -2068.0
33 1325 181
33 1168 -1479
33 -4779 4934
33 -3900 3260
33 -1578 1567
33 -3690 -3573
44 4 -2765.5 -4912.0 -2780.0 -4880.0 -2765.5 -4848.0 -2751.0 -4880.0
33 965 4398
44 2 -2730.0 3579.0 -2770.0 3562.0 -2707.0 3562.0
33 1539 -997
44 3 73.0 4373.0 1930.0
33 1215 -2901
44 1 -4983.0 -2966.0 -4961.0 -2939.0
11 3 25399 8.0 -4702.0 -1818.0
44 4 -2026.5 3928.0 -2045.0 3935.5 -2026.5 3943.0 -2008.0 3935.5
33 -777 -907
33 -3497 -2810
44 3 60.0 -173.0 3231.0
33 2962 -1985
33 4504 2688
33 -169 3528
22 64551
11 3 55057 81.0 4271.0 -2885.0
33 -2807 4804
33 -4700 4423
44 3 98.0 793.0 -4505.0
33 -438 1513
22 62337
44 1 165.0 2041.0 211.0 2085.0
22 93971
33 -55 158
33 4204 -456
33 3774 1482
11 2 48603 61.0 437.0 22.0 354.0 80.0 354.0
44 1 -546.0 4585.0 -479.0 4596.0
11 1 79527 -4467.0 -3359.0 -4403.0 -3307.0
33 1060 -2686
33 755 4414
33 1958 1776
44 4 3394.0 1547.0 3358.0 1569.0 3394.0 1591.0 3430.0 1569.0
44 3 44.0 2834.0 807.0
33 2182 -4622
33 4201 3360
11 2 75546 -501.0 584.0 -545.0 540.0 -460.0 540.0
33 -1501 -3430
33 -3664 4341
33 3605 2896
33 -3442 2873
11 1 29099 -2387.0 2753.0 -2287.0 2758.0
33 -600 2316
33 -3436 1984
33 2094 -1994
22 609
33 3460 89
44 4 -1437.5 4927.0 -1456.0 4928.5 -1437.5 4930.0 -1419.0 4928.5
33 3266 2334
11 2 26966 935.0 432.0 930.0 409.0 944.0 409.0
33 1365 -3154
33 -2173 -3337
33 -4499 1985
33 64 3546
44 2 4286.0 4453.0 4243.0 4425.0 4294.0 4425.0
33 -1614 4197
33 -4862 -2340
44 3 88.0 1730.0 830.0
11 3 55335 19.0 -2879.0 1522.0
44 1 4508.0 -3816.0 4534.0 -3769.0
33 1812 180
33 -729 318
33 700 -3564
33 -4318 753
33 -3260 3723
33 2060 4940
33 1383 -3293
33 -1932 147
44 3 14.0 -2926.0 -1678.0
33 -2528 -788
33 3342 1978
33 -1224 -3739
22 11928
33 -3600 -1033
33 4474 -2247
33 1547 -4713
33 2407 -373
33 2055 137
11 3 94048 32.0 -1378.0 -1762.0
33 284 -4414
44 4 -1961.0 4904.0 -1971.0 4939.0 -1961.0 4974.0 -1951.0 4939.0
33 1285 3899
44 4 -817.5 -977.0 -821.0 -973.5 -817.5 -970.0 -814.0 -973.5
33 -1038 -4868
33 805 -2844
33 -564 -3370
44 4 -1913.0 2626.0 -1948.0 2651.5 -1913.0 2677.0 -1878.0 2651.5
33 -3105 4267
44 1 251.0 -2742.0 301.0 -2700.0
33 1940 3043
33 4010 -2235
33 -3122 -3012
44 3 25.0 -3231.0 -195.0
44 2 2374.0 -2856.0 2347.0 -2928.0 2385.0 -2928.0
11 2 71696 -1191.0 -739.0 -1212.0 -787.0 -1184.0 -787.0
33 -3507 -1763
44 3 4.0 -1859.0 1093.0
33 -2822 1125
33 -276 -4799
22 81629
44 3 54.0 -1816.0 775.0
33 3418 3918
33 3559 -3273
22 10868
44 4 2093.0 -2705.0 2046.0 -2669.0 2093.0 -2633.0 2140.0 -2669.0
33 -324 -3573
44 3 12.0 2398.0 3419.0
44 3 34.0 1427.0 1202.0
44 3 76.0 4007.0 -1480.0
33 4791 2439
22 71376
33 -2835 -2302
44 4 -341.0 -3531.0 -383.0 -3509.5 -341.0 -3488.0 -299.0 -3509.5
33 -4601 -4537
11 4 76806 793.0 3010.0 764.0 3051.5 793.0 3093.0 822.0 3051.5
11 1 43348 -329.0 132.0 -273.0 190.0
33 -763 -1266
33 2291 -1600
33 3576 4249
33 -2561 -3360
22 73560
11 4 61263 3200.0 4333.0 3172.0 4362.5 3200.0 4392.0 3228.0 4362.5
33 -2869 32
44 1 18.0 -353.0 22.0 -280.0
11 3 87773 66.0 2229.0 2768.0
33 3995 -4613
33 -1086 -2265
33 142 -4416
44 4 340.0 884.0 304.0 894.5 340.0 905.0 376.0 894.5
44 3 64.0 2534.0 676.0
33 -4334 781
44 4 2099.0 4629.0 2092.0 4648.5 2099.0 4668.0 2106.0 4648.5
44 2 41.0 2209.0 -37.0 2135.0 60.0 2135.0
33 -4585 2635
11 3 93520 73.0 612.0 -4620.0
33 1770 29
33 3777 3367
33 -30 3497
33 -2906 3176
44 3 18.0 3117.0 3859.0
22 34516
22 67037
44 2 4587.0 -264.0 4531.0 -358.0 4624.0 -358.0
22 96187
33 3568 1052
44 4 -3620.5 2434.0 -3622.0 2484.0 -3620.5 2534.0 -3619.0 2484.0
33 1780 3195
33 -1416 361
