-500 -500 500 500
11 2 84534 48.0 -208.0 -18.0 -216.0 70.0 -216.0
11 4 88130 -102.0 -54.0 -105.0 -38.5 -102.0 -23.0 -99.0 -38.5
11 1 87612 -488.0 -398.0 -462.0 -324.0
11 4 59807 -136.0 412.0 -165.0 434.0 -136.0 456.0 -107.0 434.0
11 1 91350 138.0 465.0 215.0 482.0
11 1 61398 -386.0 329.0 -303.0 349.0
11 1 27127 -32.0 -20.0 38.0 25.0
11 1 40821 -400.0 360.0 -371.0 426.0
11 1 19055 249.0 387.0 326.0 459.0
11 1 55707 269.0 357.0 321.0 429.0
11 3 80539 23.0 102.0 432.0
11 1 62678 309.0 377.0 363.0 446.0
11 1 70517 -494.0 -157.0 -427.0 -132.0
11 3 84358 73.0 175.0 362.0
11 4 25184 183.0 188.0 152.0 228.5 183.0 269.0 214.0 228.5
11 4 26240 -278.5 -364.0 -319.0 -336.5 -278.5 -309.0 -238.0 -336.5
11 4 87032 -446.0 -256.0 -476.0 -241.5 -446.0 -227.0 -416.0 -241.5
11 3 91430 83.0 -282.0 358.0
11 3 7412 57.0 -268.0 -225.0
11 2 37070 289.0 -49.0 279.0 -83.0 298.0 -83.0
11 2 71742 87.0 171.0 79.0 98.0 99.0 98.0
11 3 30563 67.0 348.0 -33.0
11 3 83976 25.0 -378.0 285.0
11 1 2659 160.0 53.0 192.0 128.0
11 3 78969 33.0 -80.0 469.0
11 1 41653 390.0 348.0 431.0 443.0
11 2 43387 -465.0 307.0 -485.0 257.0 -452.0 257.0
11 3 928 50.0 -383.0 -99.0
11 1 51613 107.0 -158.0 108.0 -89.0
11 1 38356 -228.0 -422.0 -163.0 -330.0
11 1 24735 -445.0 -333.0 -393.0 -258.0
11 3 33810 96.0 406.0 365.0
11 4 37846 421.5 408.0 397.0 424.0 421.5 440.0 446.0 424.0
11 2 4402 0.0 -345.0 -12.0 -368.0 48.0 -368.0
11 2 84434 -24.0 195.0 -27.0 132.0 -12.0 132.0
11 2 53462 292.0 -326.0 223.0 -368.0 321.0 -368.0
11 3 72838 92.0 45.0 19.0
11 1 96241 -138.0 -4.0 -40.0 52.0
11 3 68874 53.0 -377.0 -158.0
11 4 76848 421.5 156.0 407.0 187.0 421.5 218.0 436.0 187.0
11 1 11327 450.0 281.0 494.0 332.0
11 3 44811 66.0 194.0 -208.0
11 1 41832 -276.0 -49.0 -222.0 40.0
11 2 25350 476.0 108.0 474.0 64.0 484.0 64.0
11 3 80600 14.0 -138.0 193.0
11 1 96212 -70.0 -460.0 -43.0 -419.0
11 4 84047 -256.0 -130.0 -299.0 -94.0 -256.0 -58.0 -213.0 -94.0
11 2 80390 87.0 -295.0 54.0 -316.0 113.0 -316.0
11 1 55640 173.0 -12.0 180.0 57.0
11 4 32095 315.0 -486.0 301.0 -463.0 315.0 -440.0 329.0 -463.0
11 4 66866 335.5 -472.0 320.0 -468.5 335.5 -465.0 351.0 -468.5
11 3 53450 68.0 320.0 447.0
11 2 83689 -21.0 -397.0 -30.0 -439.0 57.0 -439.0
11 4 93779 409.5 89.0 399.0 101.5 409.5 114.0 420.0 101.5
11 3 69851 19.0 -407.0 480.0
11 4 49543 175.5 -447.0 152.0 -439.5 175.5 -432.0 199.0 -439.5
11 2 78954 491.0 -16.0 489.0 -44.0 494.0 -44.0
11 2 3519 -341.0 137.0 -372.0 52.0 -330.0 52.0
11 2 69689 88.0 -315.0 77.0 -319.0 93.0 -319.0
11 4 88260 80.5 400.0 40.0 409.5 80.5 419.0 121.0 409.5
11 4 25160 -78.5 96.0 -112.0 139.0 -78.5 182.0 -45.0 139.0
11 3 18760 33.0 307.0 100.0
11 1 49353 -62.0 -239.0 -29.0 -139.0
11 3 56211 50.0 477.0 461.0
11 3 58923 5.0 -384.0 -492.0
11 3 41775 55.0 83.0 -23.0
11 3 49342 57.0 430.0 -323.0
11 2 81121 -184.0 271.0 -186.0 197.0 -182.0 197.0
11 2 26280 238.0 477.0 214.0 383.0 244.0 383.0
11 3 79099 35.0 341.0 132.0
11 4 64678 -107.0 -388.0 -152.0 -345.5 -107.0 -303.0 -62.0 -345.5
11 1 73400 198.0 399.0 217.0 480.0
11 3 32684 70.0 -266.0 343.0
11 2 60442 148.0 -86.0 139.0 -105.0 176.0 -105.0
11 1 78236 253.0 -486.0 283.0 -457.0
11 4 21337 328.0 456.0 314.0 464.5 328.0 473.0 342.0 464.5
11 2 10942 -245.0 271.0 -268.0 202.0 -243.0 202.0
11 3 38576 76.0 151.0 149.0
11 4 76789 -215.0 234.0 -221.0 268.0 -215.0 302.0 -209.0 268.0
11 1 81939 -232.0 380.0 -201.0 425.0
11 1 93782 -123.0 262.0 -34.0 294.0
11 2 20028 459.0 432.0 430.0 355.0 461.0 355.0
11 1 56217 349.0 -293.0 448.0 -260.0
11 4 53013 -67.5 -192.0 -108.0 -141.5 -67.5 -91.0 -27.0 -141.5
11 3 6542 96.0 246.0 357.0
11 3 54304 82.0 423.0 -118.0
11 1 65593 -308.0 256.0 -307.0 287.0
11 3 79185 33.0 -369.0 -347.0
11 2 28671 -86.0 227.0 -127.0 180.0 -84.0 180.0
11 1 54510 -248.0 -180.0 -175.0 -123.0
11 1 20719 -26.0 -323.0 62.0 -234.0
11 4 29198 423.0 -93.0 398.0 -68.0 423.0 -43.0 448.0 -68.0
11 4 36468 311.0 -17.0 307.0 9.0 311.0 35.0 315.0 9.0
11 4 3825 22.5 266.0 -25.0 279.5 22.5 293.0 70.0 279.5
11 3 38345 86.0 -299.0 451.0
11 4 2059 462.5 -235.0 431.0 -194.5 462.5 -154.0 494.0 -194.5
11 1 38103 198.0 -416.0 240.0 -372.0
11 4 49586 276.5 -119.0 270.0 -98.0 276.5 -77.0 283.0 -98.0
11 3 78531 99.0 -240.0 452.0
11 2 53886 489.0 17.0 484.0 -32.0 496.0 -32.0
33 477 64
33 -257 -440
33 -51 -424
33 159 95
33 436 -40
33 95 292
33 475 -294
44 1 73.0 -366.0 113.0 -300.0
33 214 -122
33 497 -278
33 -111 461
33 107 -249
33 366 311
33 40 388
44 2 -175.0 476.0 -194.0 385.0 -149.0 385.0
33 -261 -64
33 61 306
44 2 444.0 -274.0 380.0 -281.0 445.0 -281.0
11 1 369 -121.0 365.0 -110.0 462.0
33 -294 305
33 230 410
33 -281 320
33 -237 -264
33 437 491
33 -427 161
44 3 79.0 93.0 -374.0
33 170 -39
22 29198
33 423 -81
11 4 51295 179.0 -408.0 131.0 -366.5 179.0 -325.0 227.0 -366.5
33 191 460
44 2 271.0 495.0 259.0 455.0 350.0 455.0
33 24 -121
44 3 79.0 10.0 291.0
11 4 43760 481.5 -396.0 480.0 -356.5 481.5 -317.0 483.0 -356.5
11 2 68260 264.0 278.0 262.0 262.0 265.0 262.0
44 2 -107.0 -103.0 -110.0 -151.0 -90.0 -151.0
33 -357 -438
33 393 -267
33 -341 -183
33 75 -494
44 3 14.0 -98.0 -384.0
33 25 -264
33 -143 -417
11 4 4921 -392.5 238.0 -403.0 280.5 -392.5 323.0 -382.0 280.5
44 3 42.0 -100.0 239.0
33 -254 162
33 -397 168
33 -171 76
44 4 319.0 135.0 287.0 153.5 319.0 172.0 351.0 153.5
44 4 -91.5 -88.0 -115.0 -81.5 -91.5 -75.0 -68.0 -81.5
33 -167 -66
33 350 6
11 4 6465 -455.5 -351.0 -497.0 -325.5 -455.5 -300.0 -414.0 -325.5
33 360 -149
11 2 31379 447.0 51.0 434.0 -44.0 452.0 -44.0
33 -71 485
44 4 -415.0 356.0 -460.0 361.0 -415.0 366.0 -370.0 361.0
22 83689
44 2 412.0 492.0 405.0 482.0 415.0 482.0
33 -164 35
33 -381 29
22 54304
33 162 342
22 69851
44 3 13.0 -412.0 -470.0
33 304 210
11 1 12645 68.0 -462.0 88.0 -446.0
11 4 56474 -195.5 68.0 -215.0 107.5 -195.5 147.0 -176.0 107.5
33 -59 -52
33 210 358
11 4 82459 -125.0 293.0 -141.0 322.0 -125.0 351.0 -109.0 322.0
33 -147 400
33 154 19
33 500 -220
33 443 -350
11 2 94144 457.0 -193.0 454.0 -247.0 464.0 -247.0
33 291 234
33 319 128
33 41 154
33 79 -19
11 1 68941 -328.0 -200.0 -275.0 -179.0
33 -361 -302
33 -342 281
33 -399 89
44 3 91.0 -159.0 214.0
44 4 158.0 187.0 155.0 218.0 158.0 249.0 161.0 218.0
33 466 125
11 4 69169 -200.0 358.0 -240.0 371.0 -200.0 384.0 -160.0 371.0
33 466 -22
33 -223 476
11 4 34014 360.0 120.0 356.0 136.5 360.0 153.0 364.0 136.5
11 2 85415 179.0 -64.0 168.0 -146.0 186.0 -146.0
33 -134 -161
33 -148 473
44 2 -296.0 200.0 -300.0 196.0 -292.0 196.0
44 2 -107.0 -269.0 -122.0 -309.0 -107.0 -309.0
11 2 22890 -112.0 -69.0 -139.0 -124.0 -103.0 -124.0
44 2 180.0 1.0 168.0 -54.0 191.0 -54.0
33 -284 12
