-50 -50 50 50
11 4 74808 10.5 2.0 -10.0 20.0 10.5 38.0 31.0 20.0
11 3 29933 55.0 47.0 28.0
11 1 48801 39.0 -42.0 45.0 37.0
11 1 99237 -26.0 -31.0 -19.0 -21.0
11 3 44862 69.0 50.0 41.0
11 2 9613 45.0 36.0 43.0 30.0 45.0 30.0
11 1 45510 40.0 -7.0 50.0 -2.0
11 1 15966 10.0 16.0 22.0 41.0
11 3 94536 98.0 49.0 50.0
11 1 34262 34.0 18.0 37.0 29.0
11 3 89952 22.0 15.0 -9.0
33 -13 -39
11 1 23308 9.0 -30.0 37.0 22.0
33 -4 24
33 -7 19
44 3 79.0 43.0 44.0
44 1 -28.0 26.0 30.0 41.0
33 -25 27
33 3 -1
33 45 7
